1676462144.022793213 -0.03655930 -0.01811296 0.01305139 -0.00272800 -0.00167183 -0.00019800 0.99999486
1676462144.216482188 -0.04544027 -0.02332638 0.03317460 0.00013717 0.00020564 -0.00001622 0.99999997
1676462145.003130016 -0.04640527 -0.02654532 0.03463629 0.00006346 0.00028680 0.00009008 0.99999995
1676462145.080822403 -0.04368262 -0.02884024 0.03236322 0.00008178 0.00026210 0.00008507 0.99999996
1676462145.200840168 -0.01935499 -0.06013968 0.02780779 0.00223862 0.00060978 0.00202776 0.99999525
1676462145.425980536 -0.04294626 -0.02989661 0.03145415 0.00007602 0.00026870 0.00013622 0.99999995
1676462145.546048119 -0.04351464 -0.03499390 0.03222097 0.00030407 0.00031001 0.00027075 0.99999987
1676462145.687068321 -0.04545080 -0.03378088 0.03269738 0.00020119 0.00031921 0.00027736 0.99999989
1676462145.756314578 -0.04317193 -0.03308248 0.02955082 0.00031155 0.00028039 0.00023942 0.99999988
1676462145.966666474 -0.04523825 -0.03151753 0.03228022 0.00028961 0.00029149 0.00025123 0.99999988
1676462146.214630459 -0.04577195 -0.02134054 0.03346295 -0.00109174 -0.00002608 -0.00021593 0.99999938
1676462146.364480516 -0.04391341 -0.03220998 0.03240114 0.00014399 0.00035627 0.00023602 0.99999990
1676462146.515031127 -0.04559426 -0.03508848 0.03187834 0.00024915 0.00029222 0.00032650 0.99999987
1676462146.581176073 -0.04323733 -0.03188985 0.03174748 0.00037834 0.00025891 0.00025994 0.99999986
1676462146.918365724 -0.02037876 -0.03125671 0.03319568 0.00080774 0.00020014 0.00123610 0.99999889
1676462147.228146542 0.02101547 -0.05911695 0.03301603 0.00041832 0.00031006 0.00260399 0.99999647
1676462147.369653092 0.03525143 -0.05581178 0.03081725 0.00203790 0.00020605 0.00270031 0.99999426
1676462148.352312992 0.14183153 -0.03860018 0.02925197 0.00034473 0.00022023 0.00075037 0.99999963
1676462148.483328545 0.16541000 -0.01400067 0.03303432 0.00037488 0.00016633 0.00046503 0.99999981
1676462148.737571496 0.18204213 -0.03008242 0.03077868 0.00085874 0.00018460 0.00065819 0.99999940
1676462148.863791819 0.20232617 -0.03379153 0.03297817 0.00000174 0.00023013 0.00069908 0.99999973
1676462149.011625090 0.23744506 -0.07036236 0.03233476 0.00045565 0.00021514 0.00293663 0.99999556
1676462149.290151524 0.30880691 -0.02839384 0.03304337 0.00020957 0.00039784 0.00444091 0.99999004
1676462149.403255273 0.35649059 -0.03790053 0.03249076 0.00048175 0.00030562 0.00478493 0.99998839
1676462149.797804064 0.45419455 -0.03999298 0.03092061 0.00011168 0.00030657 0.00490477 0.99998792
1676462150.035402779 0.50580044 -0.03605288 0.03252185 0.00051713 0.00034428 0.00489583 0.99998782
1676462150.249413414 0.55035345 -0.03204433 0.02872041 -0.00020879 0.00011107 0.00466571 0.99998909
1676462150.470986474 0.59701082 -0.01884827 0.02903170 -0.00044843 0.00019714 0.00416345 0.99999121
1676462150.665282050 0.65671550 -0.03573893 0.03238206 0.00111733 0.00001190 0.00467895 0.99998843
1676462151.182217871 0.80912159 -0.02424513 0.02587182 -0.00037955 -0.00011922 0.00462642 0.99998922
1676462151.420270387 0.85756294 -0.01782977 0.03270444 0.00026952 0.00031808 0.00463541 0.99998917
1676462151.505893445 0.89134991 -0.02542053 0.03284694 0.00006163 0.00024335 0.00349196 0.99999387
1676462152.043360048 1.04597169 -0.04217607 0.03004165 0.00068999 0.00009433 0.00323409 0.99999453
1676462152.175733322 1.08860543 -0.03222542 0.03498031 0.00125288 0.00046077 0.00228056 0.99999651
1676462152.419791939 1.19468450 -0.03053719 0.02728439 -0.00086297 0.00005192 0.00314459 0.99999468
1676462152.565749133 1.25412992 -0.04427729 0.03155480 -0.00005414 0.00033871 0.00368801 0.99999314
1676462153.436349446 1.49866832 -0.00762605 0.02916934 0.00038632 0.00008607 0.00312263 0.99999505
1676462153.530504092 1.56170815 -0.01573510 0.02962327 0.00086581 0.00004579 0.00337108 0.99999394
1676462153.943851702 1.65599639 -0.04135276 0.03105752 0.00046727 0.00018496 0.00366088 0.99999317
1676462154.259142763 1.70892614 -0.06253978 0.03618876 -0.00060557 0.00051212 0.00464996 0.99998887
1676462154.502120573 1.79982294 -0.04795601 0.02940632 -0.00005714 0.00017464 0.00419506 0.99999118
1676462154.646406492 1.85474823 -0.03580611 0.02561694 -0.00045216 0.00004561 0.00380604 0.99999265
1676462155.376520969 2.04868672 -0.02343094 0.03119308 0.00038641 0.00028362 0.00450573 0.99998973
1676462155.606258763 2.18550635 -0.00406978 0.03052433 0.00033526 0.00019168 0.00453385 0.99998965
1676462155.894290551 2.37282358 -0.02645085 0.03007128 -0.00105677 0.00030715 0.01037219 0.99994560
1676462156.134298149 2.47635051 -0.02630368 0.02905802 0.00053177 0.00012707 0.01112026 0.99993802
1676462156.399383634 2.67563180 -0.03026728 0.03037037 0.00036146 0.00016950 0.01068474 0.99994284
1676462156.527327493 2.77549356 -0.03704452 0.03401006 0.00155655 0.00031651 0.01082973 0.99994010
1676462156.657630330 2.87238362 -0.01880506 0.02876624 -0.00015622 0.00018133 0.01062406 0.99994353
1676462157.106049963 3.16507205 -0.01436540 0.02263564 0.00054832 -0.00111542 0.00965597 0.99995261
1676462158.186045035 3.77362716 0.00946689 0.02731044 0.00115082 -0.00011156 0.00972722 0.99995202
1676462158.693252428 4.08655772 -0.00475446 0.02870064 -0.00107020 0.00026485 0.01074693 0.99994164
1676462158.789018707 4.17904639 0.00290814 0.02788053 0.00126782 0.00016693 0.01084187 0.99994041
1676462159.008124741 4.28054366 -0.00804908 0.03416621 0.00028608 0.00041751 0.01029129 0.99994692
1676462159.121843976 4.37378445 -0.01534134 0.03683244 -0.00066377 0.00040518 0.01058645 0.99994366
1676462159.252214401 4.47135283 0.01919431 0.02763415 0.00017079 0.00013697 0.00949588 0.99995489
1676462159.697512768 4.78588593 0.02599736 0.03526941 0.00036673 0.00063932 -0.00025370 0.99999970
1676462159.854617779 4.87976708 -0.00247482 0.02631618 0.00052410 0.00014427 -0.00480217 0.99998832
1676462160.624262859 5.58186150 -0.04240530 0.02723362 0.00056600 0.00012115 -0.02533244 0.99967891
1676462160.991854939 5.86798147 -0.12198516 0.03304925 -0.00174848 0.00052133 -0.03132583 0.99950756
1676462161.335780703 6.13855929 -0.14279271 0.02827479 0.00095458 -0.00042123 -0.04242643 0.99909905
1676462161.488930309 6.32192189 -0.09290531 0.02966240 0.00020192 0.00039477 -0.04839667 0.99882810
1676462162.004974521 6.94832916 -0.16879211 0.02505573 0.00000277 -0.00087817 -0.06752844 0.99771696
1676462162.151127626 7.10590505 -0.22498419 0.02982051 -0.00010273 0.00032642 -0.06980005 0.99756094
1676462162.286188370 7.25819133 -0.29652430 0.02698294 0.00003104 0.00016532 -0.07347583 0.99729698
1676462162.428660377 7.41077827 -0.30494908 0.02539182 0.00017143 0.00013951 -0.07830481 0.99692944
1676462162.830793655 7.87563812 -0.34104568 0.02922813 -0.00001423 0.00040440 -0.08246828 0.99659361
1676462162.945022605 8.03837485 -0.34979550 0.03252751 0.00005068 0.00067259 -0.08284971 0.99656182
1676462163.078772009 8.17823855 -0.39494430 0.02752874 0.00099092 -0.00000940 -0.08532255 0.99635289
1676462163.223870690 8.36564190 -0.42268139 0.03038579 0.00132932 0.00013552 -0.08697787 0.99620935
1676462163.592382629 8.67829533 -0.49535039 0.02792354 0.00062193 0.00030229 -0.09590885 0.99538988
1676462163.707617103 8.82851162 -0.53943102 0.02726412 0.00075614 0.00020809 -0.10007658 0.99497943
1676462163.817898063 9.00629058 -0.59210215 0.02578712 -0.00027093 0.00009905 -0.10583413 0.99438376
1676462163.960528720 9.12817409 -0.65035405 0.02494874 0.00079029 -0.00003745 -0.10762268 0.99419150
1676462164.107136083 9.28863144 -0.67272014 0.02688925 0.00052390 0.00025332 -0.11325923 0.99356530
1676462164.781590980 10.05231340 -0.79389381 0.02439361 0.00047686 0.00018586 -0.13871216 0.99033261
1676462165.047731566 10.36078315 -0.91483266 0.02474603 -0.00040041 0.00062382 -0.14721489 0.98910425
1676462165.262817140 10.55108327 -0.97518005 0.02502522 0.00030084 0.00045932 -0.15168925 0.98842808
1676462165.777172386 11.24674076 -1.27179927 0.03065160 0.00081861 0.00053184 -0.16728815 0.98590756
1676462166.022069796 11.62585436 -1.45887357 0.03164818 0.00125707 0.00078023 -0.17560471 0.98445965
1676462166.238384710 11.82694921 -1.59766064 0.02254862 0.00158827 -0.00003488 -0.17926530 0.98379949
1676462166.355329380 11.98807466 -1.68908798 0.02879412 0.00055799 -0.00051202 -0.18999353 0.98178505
1676462166.607598344 12.37290646 -1.77880491 0.02548634 0.00126269 0.00018849 -0.20904986 0.97790415
1676462166.980900527 12.70287021 -1.91774587 0.03549415 0.00296598 0.00002605 -0.23215457 0.97267438
1676462167.124125085 12.87147714 -2.05878722 0.03240062 0.00171241 0.00020930 -0.24532825 0.96943854
1676462167.213126705 13.03640572 -2.11201640 0.02764491 0.00141978 0.00016455 -0.26225042 0.96499880
1676462167.739618534 13.52485954 -2.38977044 0.03435719 0.00063224 0.00108396 -0.29644169 0.95505013
1676462167.880742493 13.69071645 -2.54433158 0.03182194 -0.00077107 0.00166890 -0.30584318 0.95208013
1676462168.025566706 13.84132712 -2.69952824 0.03586970 -0.00116283 0.00200055 -0.31448954 0.94925812
1676462168.108063611 13.99378723 -2.83378974 0.03649703 0.00059765 0.00145287 -0.32338268 0.94626697
1676462168.515278655 14.48581806 -3.10770714 0.02539186 -0.00232260 0.00207903 -0.35372965 0.93534251
1676462168.843600821 14.84815449 -3.62553853 0.00436170 -0.00449837 0.00262177 -0.37979041 0.92505791
1676462169.225654408 15.27309232 -4.05475189 0.02624277 -0.00048078 0.00151037 -0.39238124 0.91980131
1676462169.930832108 15.83030705 -4.76747136 0.03451494 -0.00305529 0.00258949 -0.39298436 0.91953643
1676462170.056241643 16.09606803 -4.90054712 0.02591276 -0.00109612 0.00178767 -0.39276027 0.91963850
1676462170.225441605 16.31222358 -5.09135504 0.02817738 -0.00574895 0.00352498 -0.39539142 0.91848797
1676462170.426918956 16.36889594 -5.24851414 0.02169660 -0.00081697 0.00165649 -0.39125388 0.92028093
1676462170.806546828 16.65093569 -5.52804252 0.02290715 -0.00018016 0.00160680 -0.39169751 0.92009263
1676462170.883650349 16.78861695 -5.65710972 0.00773937 -0.00320396 0.00229119 -0.39193653 0.91998382
1676462171.412757254 17.19727955 -6.05833708 0.00739339 -0.00005646 -0.00134096 -0.39132406 0.92025197
1676462171.516385828 17.35948371 -6.19699502 0.02167505 0.00077978 0.00091233 -0.39277929 0.91963198
1676462171.656234014 17.49393179 -6.31733473 0.01560546 0.00000750 0.00061467 -0.39303502 0.91952330
1676462171.785070148 17.64161736 -6.44818154 0.02070467 -0.00109067 0.00181109 -0.39410314 0.91906379
1676462172.388546076 18.31302160 -7.22579860 0.01587002 -0.00078214 0.00186517 -0.39255478 0.91972640
1676462172.586510207 18.48511845 -7.41619597 0.00953656 -0.00274297 0.00230230 -0.39142047 0.92020497
1676462172.675696254 18.65456787 -7.55432395 0.01254376 -0.00098319 0.00158590 -0.39117946 0.92031253
1676462173.043511598 19.01138769 -7.96472371 0.00925052 0.00036214 0.00059494 -0.39185234 0.92002786
1676462173.194219233 19.15363805 -8.11276526 0.02125263 -0.00137524 0.00230306 -0.39183700 0.92003074
1676462173.330604776 19.28330293 -8.25231687 0.01482864 -0.00095537 0.00168502 -0.39185257 0.92002598
1676462173.468645345 19.42037483 -8.38029290 0.01333182 -0.00053608 0.00149532 -0.39225507 0.91985512
1676462173.608871982 19.55810018 -8.51993862 0.01722451 -0.00169269 0.00229799 -0.39231320 0.91982727
1676462173.852392333 19.87793470 -8.83905128 0.00203587 -0.00158393 0.00182852 -0.39154094 0.92015751
1676462173.996094981 19.98665348 -9.00065190 0.00726543 -0.00080365 0.00168257 -0.39093156 0.92041786
1676462174.676850564 20.66477018 -9.66580646 0.00434574 -0.00057691 0.00143932 -0.39269917 0.91966568
1676462174.800349986 20.81922014 -9.83094496 0.00446604 0.00243193 0.00036372 -0.39233456 0.91981930
1676462175.494030664 21.47051962 -10.54622128 0.00725334 -0.00089606 0.00182557 -0.39229697 0.91983637
1676462175.738055069 21.77816276 -10.84361537 0.00325975 -0.00139264 0.00187074 -0.39205535 0.91993867
1676462175.881887206 21.91146027 -10.99775749 0.01113523 -0.00060222 0.00195581 -0.39152278 0.92016614
1676462176.029087868 22.05411801 -11.13845253 0.00536960 -0.00041578 0.00158764 -0.39174929 0.92007054
1676462176.435209480 22.43335215 -11.55213142 -0.00041439 0.00336657 -0.00329704 -0.39223552 0.91985276
1676462176.688515830 22.72828538 -11.83722980 -0.00009955 -0.00039361 0.00141692 -0.39253639 0.91973530
1676462176.850859032 22.85742140 -11.99335157 0.01144335 0.00077848 0.00177603 -0.39202851 0.91995102
1676462177.136435956 23.13242169 -12.26908476 0.00584480 0.00231912 0.00042954 -0.39255951 0.91972358
1676462177.277706842 23.27888998 -12.41916770 -0.00489659 0.00043127 0.00096437 -0.39247516 0.91976200
1676462177.399078519 23.43717426 -12.56556873 -0.00622335 0.00056084 0.00077459 -0.39235116 0.91981501
1676462177.836639332 23.86474138 -12.98910838 -0.00723544 -0.00019145 0.00115870 -0.38476615 0.92301334
1676462178.260120300 24.26565884 -13.40683308 -0.00645027 0.00154604 -0.00141312 -0.37143947 0.92845481
1676462178.552025847 24.57837809 -13.66302794 -0.00005888 -0.00116342 0.00201787 -0.36272078 0.93189496
1676462178.698586920 24.76986519 -13.80764999 -0.00848509 0.00070253 0.00084538 -0.35806467 0.93369614
1676462179.040923745 25.02545438 -14.06667018 -0.00766932 -0.00106863 0.00145826 -0.34948960 0.93693850
1676462179.304302483 25.31632579 -14.32335110 -0.00009626 -0.00128287 0.00215020 -0.34038371 0.94028329
1676462179.424821323 25.49944770 -14.46165398 -0.01081471 -0.00201332 0.00219523 -0.33572706 0.94195460
1676462179.840776544 25.95001075 -14.80313641 -0.01067182 -0.00146899 0.00184270 -0.32311369 0.94635722
1676462180.106783126 26.35356794 -15.06307604 -0.02061879 -0.00304714 0.00192019 -0.31329045 0.94965053
1676462180.267792552 26.48817606 -15.16334281 -0.02953395 -0.00453609 0.00225566 -0.31026217 0.95063753
1676462180.356427690 26.64603807 -15.27321250 -0.01661597 -0.00045504 0.00126442 -0.30534435 0.95224105
1676462180.552383206 26.83795621 -15.39987219 -0.01592164 -0.00078234 0.00128643 -0.30014757 0.95389159
1676462180.659550274 26.94036880 -15.50484371 -0.02294775 -0.00172761 0.00072151 -0.29616940 0.95513359
1676462180.821021661 27.14632624 -15.60396676 -0.02278452 -0.00019997 0.00056810 -0.29194780 0.95643406
1676462180.957073604 27.34967427 -15.72042646 -0.02215538 -0.00041416 0.00082557 -0.28718924 0.95787342
1676462181.089984651 27.49181694 -15.82855713 -0.01089848 -0.00130667 0.00208882 -0.28269922 0.95920544
1676462181.248353637 27.63649712 -15.93494542 -0.01103787 -0.00151715 0.00213741 -0.27803002 0.96056881
1676462181.341066198 27.78435473 -16.03387669 -0.00516333 -0.00186775 0.00266529 -0.27374028 0.96179814
1676462181.530902536 27.96342192 -16.15813258 -0.00449430 -0.00161439 0.00259874 -0.26833922 0.96331963
1676462181.833649830 28.32088268 -16.35166529 -0.03439531 -0.00151192 0.00080083 -0.25933365 0.96578628
1676462182.282050653 28.88299985 -16.63075748 -0.03964688 -0.00109984 0.00011787 -0.22832346 0.97358470
1676462182.427130965 29.08753832 -16.70733870 -0.02926843 -0.00094179 0.00069133 -0.21500506 0.97661224
1676462182.575258301 29.24507101 -16.76083691 -0.01204808 -0.00290050 0.00255422 -0.20150867 0.97947911
1676462182.660968289 29.48195369 -16.81084517 -0.01164658 -0.00233523 0.00249322 -0.18724216 0.98230785
1676462182.700252183 29.69202695 -16.85365644 -0.00521798 -0.00690142 0.00319439 -0.17342958 0.98481691
1676462182.909330603 29.88686516 -16.90195204 -0.02203221 0.00235221 0.00158137 -0.15810079 0.98741891
1676462183.024031448 29.96947883 -17.00842096 -0.01107041 -0.00163377 0.00261622 -0.14584826 0.98930216
1676462183.112468884 30.25336629 -17.00730097 -0.00949158 0.00054812 0.00269233 -0.13754607 0.99049156
1676462183.221861132 30.45305798 -17.04168284 -0.00627423 -0.00417466 0.00309490 -0.12835298 0.99171493
1676462183.339671090 30.67268483 -17.07306127 -0.02403192 -0.00597004 0.00275054 -0.11819778 0.99296832
1676462183.459534372 30.81576193 -17.08992194 -0.00953657 -0.00091707 0.00290831 -0.10830064 0.99411351
1676462183.575218201 30.96339752 -17.18597460 -0.01321962 -0.00067317 0.00280836 -0.09762870 0.99521872
1676462183.693090132 31.19062252 -17.23019490 -0.03566109 -0.00363536 0.00232019 -0.08781512 0.99612745
1676462183.813419518 31.38919826 -17.26055414 -0.01728301 -0.00002342 0.00269843 -0.08202664 0.99662648
1676462183.930949224 31.59961563 -17.27794876 -0.04279981 -0.00130455 0.00109635 -0.07746675 0.99699348
1676462184.350937158 32.16396829 -17.31269664 -0.00970354 -0.00579401 0.00352872 -0.06460812 0.99788765
1676462184.563493505 32.37874883 -17.34159060 -0.02006843 -0.00052081 0.00277910 -0.06344282 0.99798147
1676462184.686016837 32.59136975 -17.39053249 -0.02464540 0.00029521 0.00269058 -0.06316021 0.99799973
1676462184.798019051 32.82059758 -17.42312804 -0.03480429 -0.00321492 0.00267902 -0.06260228 0.99802978
1676462185.092662843 33.20129593 -17.47685407 -0.03794359 -0.00469019 0.00265973 -0.06307055 0.99799451
1676462185.204817749 33.40171200 -17.50891469 -0.03026272 -0.00166517 0.00233724 -0.06297715 0.99801084
1676462185.447046986 33.76965412 -17.55076642 -0.02939603 -0.00166900 0.00291941 -0.06306075 0.99800402
1676462185.638760032 33.98237036 -17.57960274 -0.02285934 0.00025362 0.00306647 -0.06299800 0.99800891
1676462185.764337306 34.16348639 -17.61039195 -0.02902876 -0.00203793 0.00293992 -0.06292971 0.99801155
1676462185.873806718 34.35854205 -17.65442023 -0.03802906 -0.00338155 0.00166547 -0.06356407 0.99797064
1676462186.332465292 35.14545920 -17.80206200 -0.02964966 -0.00091828 0.00317934 -0.05820026 0.99829944
1676462186.464484678 35.35503146 -17.76490721 -0.02938967 -0.00193295 0.00320599 -0.05428093 0.99851869
1676462186.784782483 35.75619258 -17.78112591 -0.03325935 -0.00023652 0.00309652 -0.04491895 0.99898581
1676462186.963364543 35.99449242 -17.80481209 -0.03385639 -0.00215186 0.00264416 -0.04031624 0.99918115
1676462187.267488125 36.35873948 -17.81844922 -0.04251408 -0.00123259 0.00297686 -0.03038743 0.99953300
1676462187.383891526 36.55351600 -17.81762665 -0.04340472 -0.00144516 0.00310693 -0.02604512 0.99965490
1676462187.501750454 36.75716719 -17.82649561 -0.02455577 -0.00126943 0.00380406 -0.02191597 0.99975177
1676462187.629369884 36.95940323 -17.84152400 -0.04183455 -0.00094153 0.00302996 -0.02183876 0.99975647
1676462187.861035813 37.34875220 -17.86093568 -0.06052993 0.00091907 0.00148881 -0.02197062 0.99975709
1676462188.097828188 37.74645916 -17.88945347 -0.04865951 -0.00022436 0.00300741 -0.02160299 0.99976208
1676462188.218944346 37.95327929 -17.88404859 -0.04931633 0.00043214 0.00295954 -0.02172092 0.99975960
1676462188.647335876 38.55857262 -17.91104996 -0.04891837 0.00078571 0.00317762 -0.02184493 0.99975601
1676462188.779972019 38.74572136 -17.91150336 -0.05456878 -0.00094759 0.00303792 -0.02187817 0.99975558
1676462189.128425917 39.33886537 -17.84196216 -0.07931288 0.00249087 0.00307747 -0.02318032 0.99972346
1676462189.257057369 39.55784320 -17.95101884 -0.05869165 -0.00070556 0.00305298 -0.02195170 0.99975412
1676462189.367639514 39.75482798 -17.99111481 -0.05683781 0.00062160 0.00296686 -0.02142194 0.99976593
1676462189.606607913 40.14944477 -17.98525215 -0.06175981 0.00106160 0.00296102 -0.02202468 0.99975248
1676462189.733278858 40.35674393 -17.99273846 -0.05783603 -0.00076788 0.00322671 -0.02214076 0.99974936
1676462189.848787903 40.55233832 -18.00280141 -0.06420791 0.00017905 0.00301706 -0.02195032 0.99975449
1676462189.969138453 40.76032537 -18.00825203 -0.06253345 0.00029158 0.00318014 -0.02207940 0.99975112
1676462190.084167241 40.95846683 -17.97215762 -0.07553496 -0.00179038 0.00285694 -0.02375998 0.99971201
1676462190.209263839 41.15494897 -18.02578437 -0.07391346 -0.00093031 0.00292880 -0.02209143 0.99975123
1676462190.575083822 41.75205289 -18.05492739 -0.07351310 -0.00122048 0.00308001 -0.02205939 0.99975117
1676462190.695011191 41.93473546 -18.06164011 -0.07055210 0.00025524 0.00311772 -0.02202329 0.99975256
1676462190.813815954 42.15697334 -18.07422967 -0.07222985 -0.00070487 0.00318601 -0.02206303 0.99975126
1676462190.934828058 42.36141210 -18.09525095 -0.06760401 -0.00252801 0.00305861 -0.02196657 0.99975083
1676462191.055447286 42.56323411 -18.10226053 -0.07590702 -0.00232858 0.00291850 -0.02197404 0.99975157
1676462191.173710663 42.76359613 -18.10154370 -0.07281241 -0.00072171 0.00312892 -0.02197816 0.99975329
1676462191.290365248 42.94971741 -18.10605750 -0.07363297 0.00025661 0.00313777 -0.02202668 0.99975243
1676462191.464677637 43.14718250 -18.13614261 -0.08058359 0.00377599 0.00290897 -0.02161076 0.99975510
1676462191.588319943 43.34947761 -18.13435875 -0.08011219 0.00054072 0.00303398 -0.02196077 0.99975408
1676462191.701528404 43.51930961 -18.15225674 -0.08722229 0.00387795 0.00225751 -0.02263348 0.99973376
1676462191.827435135 43.74269261 -18.15405936 -0.08202565 -0.00085322 0.00311135 -0.02193781 0.99975413
1676462191.950929055 43.94982071 -18.15430361 -0.08259714 -0.00053457 0.00315849 -0.02198916 0.99975308
1676462192.378084414 44.54669863 -18.17410965 -0.09986600 0.00072810 0.00253547 -0.02205376 0.99975331
1676462192.628927033 44.94999214 -18.20301421 -0.09223106 -0.00295481 0.00201841 -0.02246672 0.99974119
1676462192.877029786 45.38115984 -18.21533962 -0.09719777 -0.00075650 0.00255501 -0.02283937 0.99973560
1676462192.999480197 45.54279624 -18.22967046 -0.09464756 -0.00033293 0.00304112 -0.02192119 0.99975502
1676462193.161661063 45.75508492 -18.24847014 -0.09729931 0.00027075 0.00305456 -0.02183959 0.99975678
1676462193.656036297 46.33551250 -18.21442592 -0.11033273 -0.00383025 0.00291764 -0.02251049 0.99973501
1676462194.083807618 46.95143506 -18.28577876 -0.10464414 -0.00126167 0.00310447 -0.02205962 0.99975104
1676462194.513390128 47.54660271 -18.31577840 -0.10699288 -0.00037518 0.00297456 -0.02198595 0.99975378
1676462194.633184582 47.74663677 -18.32156632 -0.11318986 -0.00019103 0.00275053 -0.02213754 0.99975113
1676462194.754858181 47.94976805 -18.33831109 -0.10854882 -0.00021653 0.00298634 -0.02185771 0.99975661
1676462195.058518440 48.33565195 -18.34990996 -0.11275318 0.00035724 0.00302661 -0.02186881 0.99975620
1676462195.171320610 48.55630354 -18.36000804 -0.11577345 -0.00007815 0.00309704 -0.02109086 0.99977276
1676462195.420174701 48.93902291 -18.38127676 -0.12232408 -0.00169365 0.00294794 -0.02186607 0.99975513
1676462195.916924537 49.75044119 -18.40151243 -0.12113807 -0.00070093 0.00310568 -0.02208330 0.99975106
1676462196.036382035 49.95048031 -18.42612165 -0.16082192 -0.01032852 0.00191363 -0.02237374 0.99969449
1676462196.283424385 50.34928203 -18.47138436 -0.12589561 -0.00273404 0.00304269 -0.02165181 0.99975720
1676462196.395928731 50.57942007 -18.48255322 -0.12503297 -0.00405888 0.00184501 -0.02082293 0.99977324
1676462196.518304356 50.74451620 -18.46161856 -0.12396693 -0.00138211 0.00300190 -0.02167892 0.99975952
1676462196.687526417 50.95134841 -18.46919076 -0.13183352 -0.00162437 0.00303149 -0.02172945 0.99975797
1676462196.800200352 51.15530598 -18.47332926 -0.13029755 -0.00319416 0.00314578 -0.02223998 0.99974261
1676462196.891785675 51.36485919 -18.48697129 -0.13410614 0.00060220 0.00297359 -0.02171848 0.99975952
1676462197.005902188 51.54356521 -18.50145288 -0.13114617 -0.00016987 0.00312710 -0.02180899 0.99975725
1676462197.128022538 51.73921013 -18.51049749 -0.12288271 -0.00006596 0.00343942 -0.02196160 0.99975290
1676462197.249135548 51.93829720 -18.51047155 -0.13035469 -0.00101158 0.00323744 -0.02192377 0.99975389
1676462197.371603650 52.14068617 -18.50733117 -0.13557185 -0.00159205 0.00307092 -0.02216539 0.99974833
1676462197.742015850 52.73189018 -18.54174931 -0.13760677 -0.00237116 0.00311099 -0.02223606 0.99974510
1676462197.874894921 52.94201245 -18.55596433 -0.14200763 -0.00107007 0.00303136 -0.02207975 0.99975104
1676462197.994210350 53.14183842 -18.54957955 -0.14473620 -0.00096382 0.00293691 -0.02213409 0.99975023
1676462198.486657826 53.84167208 -18.56250331 -0.13501458 -0.00493243 0.00384618 -0.02371979 0.99969908
1676462198.720485977 54.33343048 -18.55749703 -0.15274280 -0.00042149 0.00301170 -0.02340350 0.99972148
1676462199.075836392 54.94089268 -18.56903886 -0.15040988 -0.00149103 0.00330344 -0.02600332 0.99965529
1676462199.193315829 55.13117251 -18.65202373 -0.15697120 -0.00185330 0.00303484 -0.02227546 0.99974555
1676462199.312834402 55.33928200 -18.65119174 -0.15400386 -0.00131558 0.00314580 -0.02235064 0.99974438
1676462199.434885464 55.55323838 -18.67499040 -0.16078303 -0.00130257 0.00298652 -0.02191669 0.99975449
1676462199.916904319 56.32922218 -18.71100807 -0.16075519 -0.00178932 0.00317956 -0.02211149 0.99974885
1676462200.039265716 56.53237700 -18.72579407 -0.16666826 -0.00331910 0.00311467 -0.02202654 0.99974703
1676462200.153685511 56.76000371 -18.75678983 -0.16575173 -0.00224466 0.00298086 -0.02144903 0.99976298
1676462200.279759320 56.94237578 -18.72876327 -0.16588239 -0.00008420 0.00308799 -0.02213176 0.99975029
1676462200.403956104 57.15129573 -18.72830873 -0.16782266 -0.00255485 0.00316632 -0.02273428 0.99973326
1676462200.533213839 57.34254555 -18.76302057 -0.16736166 -0.00077709 0.00307791 -0.02219053 0.99974872
1676462200.657788907 57.53951057 -18.77165357 -0.17557781 -0.00244232 0.00297125 -0.02171725 0.99975675
1676462200.780152503 57.73069124 -18.77293585 -0.17276335 -0.00192803 0.00300904 -0.02196683 0.99975231
1676462200.910905983 57.93881716 -18.78001103 -0.17578856 -0.00167107 0.00300469 -0.02214693 0.99974881
1676462201.145860110 58.29508714 -18.79946797 -0.18042953 -0.00190517 0.00039882 -0.02056133 0.99978670
1676462201.383089704 58.64094244 -18.80996454 -0.18331051 -0.00228316 0.00212594 -0.01174118 0.99992620
1676462201.508857263 58.90833374 -18.72645542 -0.16044125 -0.00558190 0.00378892 -0.01590608 0.99985073
1676462201.759407634 59.33670723 -18.79183986 -0.18501065 0.00042720 0.00279008 -0.00302987 0.99999143
1676462201.877013738 59.56935379 -18.78266602 -0.18760594 0.00137992 0.00276042 -0.00453679 0.99998495
1676462202.001413027 59.73138982 -18.84590632 -0.18116658 0.00357560 0.00307009 -0.00245145 0.99998589
1676462202.124694603 59.93210896 -18.83422250 -0.17926285 0.00057959 0.00319466 -0.00249993 0.99999160
1676462202.247852399 60.12913273 -18.84321024 -0.18315783 -0.00149635 0.00317482 -0.00224518 0.99999132
1676462202.371802324 60.33999141 -18.81441233 -0.18544669 0.00004857 0.00310502 -0.00357085 0.99998880
1676462202.739233769 60.82442805 -18.80723715 -0.18812463 -0.00130556 0.00324162 -0.00260505 0.99999050
1676462202.983183494 61.31854319 -18.79784721 -0.19273486 -0.00094877 0.00305929 -0.00289666 0.99999067
1676462203.226211010 61.72919706 -18.80287456 -0.19397730 -0.00204301 0.00314513 0.00584261 0.99997590
1676462203.604087046 62.33907063 -18.79465330 -0.19969355 -0.00002069 0.00309988 0.00566520 0.99997915
1676462203.848255317 62.73694995 -18.78031660 -0.20331242 -0.00262938 0.00313034 0.00568730 0.99997547
1676462204.215623520 63.32697669 -18.74947730 -0.20299471 -0.00061916 0.00305230 0.00498423 0.99998273
1676462204.332862252 63.53361012 -18.78025176 -0.21108529 -0.00250922 0.00297949 0.00576612 0.99997579
1676462204.454723100 63.73884422 -18.77839017 -0.21774133 -0.00201302 0.00259541 0.00566327 0.99997857
1676462204.577881157 63.93613787 -18.79088891 -0.21009952 -0.00011885 0.00297258 0.00626696 0.99997594
1676462204.828013543 64.33691175 -18.77917783 -0.20806061 -0.00217589 0.00327930 0.00492383 0.99998013
1676462204.954612088 64.53142393 -18.78707112 -0.20636467 -0.00159629 0.00336415 0.00520214 0.99997954
1676462205.071247151 64.72869563 -18.80291476 -0.21115232 -0.00138281 0.00328469 0.00568582 0.99997748
1676462205.199800141 64.91867018 -18.77671987 -0.21672376 -0.00002531 0.00312431 0.00518537 0.99998167
1676462205.321322815 65.13788206 -18.76975275 -0.21155379 -0.00015436 0.00341787 0.00525174 0.99998036
1676462205.445005444 65.33111800 -18.77171369 -0.21398205 0.00024106 0.00317311 0.00511466 0.99998186
1676462205.940620108 66.11274137 -18.74660318 -0.23141946 -0.00212904 0.00252957 0.00420525 0.99998569
1676462206.061249362 66.32754148 -18.74845011 -0.23318871 -0.00159575 0.00233054 0.00453410 0.99998573
1676462206.428001040 66.92978374 -18.75247327 -0.22525377 -0.00143113 0.00305961 0.00423895 0.99998531
1676462206.546629900 67.13014018 -18.75503799 -0.22624636 -0.00007279 0.00316723 0.00375608 0.99998793
1676462206.675960209 67.32817906 -18.75463369 -0.22946938 -0.00087850 0.00315967 0.00971399 0.99994744
1676462206.933722345 67.72363824 -18.74040248 -0.23209104 -0.00036262 0.00312823 0.02269652 0.99973744
1676462207.183621754 68.12229624 -18.67245918 -0.23283426 -0.00052633 0.00330098 0.04254279 0.99908905
1676462207.300462864 68.25867500 -18.43883050 -0.17354542 0.01799180 0.00012438 0.04642933 0.99875953
1676462207.426808491 68.51092880 -18.57873182 -0.23756665 -0.00142902 0.00306746 0.06116022 0.99812223
1676462207.675228496 68.93998858 -18.43778373 -0.24714315 0.00225602 0.00334524 0.07008535 0.99753284
1676462207.797393710 69.16908836 -18.40410806 -0.24733580 0.00032721 0.00176775 0.07282385 0.99734320
1676462208.037755984 69.49274831 -18.39311603 -0.25278527 0.00257178 0.00324196 0.07514762 0.99716383
1676462208.402318269 70.09780705 -18.37717763 -0.25420240 0.00128153 0.00288730 0.07636808 0.99707469
1676462208.526612202 70.29113476 -18.33918919 -0.25728654 0.00292983 0.00263419 0.07662343 0.99705232
1676462208.645040613 70.47981900 -18.31707314 -0.25108930 0.00184744 0.00296735 0.07660156 0.99705566
1676462208.768625198 70.65707756 -18.28457890 -0.25198658 -0.00142887 0.00334122 0.07603792 0.99709831
1676462208.887830399 70.80875503 -18.26569550 -0.23726904 0.00174414 0.00312198 0.07654953 0.99705937
1676462209.094361164 71.10014629 -18.22452093 -0.25153089 -0.00014199 0.00332876 0.07600388 0.99710196
1676462209.249460118 71.24099405 -18.22063540 -0.25242848 -0.00013107 0.00354976 0.06944699 0.99757932
1676462209.378323154 71.36098816 -18.17881679 -0.25499680 0.00167084 0.00298320 0.06853524 0.99764284
1676462209.496644724 71.46321539 -18.15999490 -0.26296249 0.00211117 0.00266263 0.06281463 0.99801943
1676462209.619628456 71.58286525 -18.14714493 -0.28107975 0.00604089 0.00204190 0.06041905 0.99815273
1676462209.744625534 71.67719867 -18.15025266 -0.25604901 0.00034790 0.00313764 0.05890019 0.99825889
1676462209.858251420 71.72280159 -18.15164365 -0.25160864 -0.00010368 0.00286138 0.05318546 0.99858055
1676462209.984931436 71.82726431 -18.10220935 -0.26691239 -0.00296189 0.00328687 0.04950957 0.99876385
1676462210.231914468 71.94315915 -18.06417077 -0.27076733 -0.00708250 0.00242268 0.04526352 0.99894704
1676462210.358699585 72.04096495 -18.12009350 -0.25804072 -0.00031299 0.00325011 0.04872530 0.99880688
1676462210.478032095 72.11555807 -18.09010848 -0.27111204 0.00085164 0.00157909 0.04879764 0.99880707
1676462210.725381241 72.24237418 -18.11341844 -0.26003273 0.00040970 0.00441008 0.04909238 0.99878442
1676462211.197321250 72.52937747 -18.08839295 -0.26475894 0.00054437 0.00277404 0.04879582 0.99880477
1676462211.313116007 72.55719780 -18.07442682 -0.26334755 0.00192892 0.00273378 0.04750618 0.99886534
1676462211.446668013 72.57330520 -18.06359547 -0.26230828 0.00045726 0.00311708 0.04732683 0.99887449
1676462211.595038700 72.58252957 -18.08239122 -0.25944869 -0.00027382 0.00325684 0.04803014 0.99884054
1676462211.746804820 72.58490170 -18.08194775 -0.25948968 0.00005975 0.00325470 0.04807488 0.99883843
1676462211.878636634 72.58616861 -18.08122247 -0.26132474 0.00001209 0.00315833 0.04801536 0.99884160
1676462212.019687022 72.59042789 -18.08222384 -0.26059894 -0.00015514 0.00328273 0.04803452 0.99884027
1676462212.163589344 72.59134571 -18.08102985 -0.25969596 0.00010272 0.00328537 0.04802369 0.99884079
1676462212.262384242 72.58928319 -18.08062533 -0.26091365 0.00003929 0.00324907 0.04803178 0.99884052
1676462212.457081239 72.59231436 -18.07858282 -0.26039112 0.00007542 0.00325828 0.04802100 0.99884101
1676462212.571639871 72.58902521 -18.07849469 -0.25759166 0.00076610 0.00337755 0.04804299 0.99883926
1676462212.727898494 72.59205968 -18.07779386 -0.26015323 0.00014264 0.00326152 0.04805238 0.99883948
1676462212.869728496 72.59028698 -18.07863733 -0.26243525 0.00007639 0.00316552 0.04811111 0.99883697
1676462213.023516076 72.59297155 -18.08058555 -0.26209517 0.00015851 0.00319158 0.04820635 0.99883229
1676462213.273722643 72.60857070 -18.07592491 -0.26813850 0.00347725 0.00297397 0.04957099 0.99876012
1676462213.540498860 72.64540839 -18.09961641 -0.26116192 0.00077731 0.00323548 0.05182847 0.99865046
1676462213.681861715 72.65914524 -18.06772742 -0.25895782 0.00147855 0.00319832 0.05072885 0.99870625
1676462214.225639646 72.74312051 -18.08978549 -0.25940387 0.00039114 0.00333345 0.03342243 0.99943568
1676462214.360226293 72.75659204 -18.08049899 -0.25840328 0.00048657 0.00324320 0.02340481 0.99972069
1676462214.624670210 72.78895297 -18.08754040 -0.26154767 -0.00029601 0.00325982 -0.00076559 0.99999435
1676462214.886728986 72.83238477 -18.10829843 -0.26193196 0.00020465 0.00325846 -0.03037410 0.99953327
1676462215.160397818 72.86191376 -18.14876375 -0.25825232 -0.00088012 0.00349414 -0.05766992 0.99832920
1676462215.244232219 72.87543908 -18.16405566 -0.26137077 -0.00032859 0.00338838 -0.07105535 0.99746656
1676462215.422548080 72.90637174 -18.17719586 -0.26606238 0.00002807 0.00249751 -0.08699051 0.99620601
1676462215.560682184 72.91507272 -18.17513407 -0.25507757 0.00088385 0.00338266 -0.09919366 0.99506201
1676462215.686418225 72.95022098 -18.19302044 -0.26176524 -0.00238115 0.00300922 -0.11645883 0.99318811
1676462215.773698579 72.96390801 -18.19601733 -0.25586848 0.00020087 0.00341587 -0.12713950 0.99187894
1676462215.952659383 72.98731189 -18.20773976 -0.25542833 -0.00072851 0.00354380 -0.14422441 0.98953839
1676462216.085578151 72.99235913 -18.22646094 -0.27342547 -0.00405042 0.00268900 -0.15700078 0.98758651
1676462216.221880445 73.00359538 -18.23532453 -0.28064228 -0.00850819 0.00260662 -0.17011374 0.98538426
1676462216.482801598 73.01696700 -18.29881966 -0.26342122 -0.00521846 0.00287196 -0.19592726 0.98060034
1676462216.577719179 73.04178892 -18.31365556 -0.27031510 -0.00114059 0.00236886 -0.20913358 0.97788355
1676462216.847772946 73.05815237 -18.35073081 -0.26273456 -0.00215462 0.00299716 -0.23660106 0.97159987
1676462217.154271653 73.08246742 -18.39419377 -0.26305400 -0.00376188 0.00326798 -0.26526315 0.96416317
1676462217.251817421 73.09425800 -18.39318297 -0.25893626 -0.00092900 0.00330069 -0.27816201 0.96052805
1676462217.512258707 73.09339367 -18.42357457 -0.24851118 0.00529739 0.00024797 -0.30381929 0.95271492
1676462217.837092058 73.12519290 -18.47624936 -0.26657566 -0.00131835 0.00183684 -0.33270800 0.94302718
1676462217.925618641 73.14566448 -18.49354014 -0.26035141 -0.00169776 0.00283210 -0.34645505 0.93806076
1676462218.240481744 73.14622495 -18.52673950 -0.26411812 -0.00080156 0.00225068 -0.37323645 0.92773318
1676462218.486000170 73.14720088 -18.55735254 -0.26175422 -0.00128647 0.00276856 -0.39889748 0.91699045
1676462218.614774757 73.13776452 -18.56574742 -0.26942167 -0.00458158 0.00167511 -0.41266767 0.91086860
1676462218.748678087 73.13802173 -18.57618446 -0.28260543 -0.00656129 0.00260912 -0.42905858 0.90324907
1676462218.890572681 73.13265177 -18.58077016 -0.29053711 -0.00726083 0.00110173 -0.44656281 0.89472215
1676462219.209710747 73.11625731 -18.62456114 -0.28048768 -0.00067894 -0.00006701 -0.47861052 0.87802705
1676462219.341744860 73.14576831 -18.60511673 -0.26327367 -0.00513886 0.00527098 -0.50736250 0.86170128
1676462219.481792590 73.11345675 -18.64631025 -0.27885580 -0.00181320 0.00126644 -0.53506572 0.84480754
1676462219.750349761 73.03557473 -18.70509189 -0.28063024 -0.00554322 0.00085622 -0.55896844 0.82916996
1676462219.889655332 73.00138793 -18.73089800 -0.27385028 -0.00323832 0.00015571 -0.57828471 0.81582859
1676462220.040380314 73.01388173 -18.72939459 -0.26822723 -0.00523821 0.00168483 -0.59775682 0.80165860
1676462220.593760728 72.94066780 -18.79355065 -0.31018227 -0.00758202 -0.00232874 -0.66795464 0.74415972
1676462220.996106144 72.89447757 -18.79263705 -0.25688923 0.00027199 0.00034322 -0.72151340 0.69240033
1676462221.132132457 72.89573795 -18.80789729 -0.28825843 -0.01232161 0.00905372 -0.73564360 0.67719620
1676462221.260917753 72.90900476 -18.80758573 -0.31033239 -0.04105293 0.02398540 -0.76159153 0.64631083
1676462221.406959987 72.90742846 -18.81956391 -0.29782572 -0.01516734 0.00945181 -0.77061197 0.63705401
1676462221.543103833 72.84059417 -18.82757537 -0.30991783 -0.01331485 0.00305669 -0.78544196 0.61878453
1676462221.685412674 72.84075636 -18.82240499 -0.31218998 -0.01419010 0.00224222 -0.80492014 0.59320922
1676462221.820574477 72.83015979 -18.81433847 -0.28514575 -0.01083902 0.00318259 -0.82171074 0.56979282
1676462221.954602435 72.80214579 -18.81818847 -0.28336079 -0.00758507 -0.00180392 -0.83696095 0.54720707
1676462222.082819399 72.71742261 -18.77946212 -0.25938418 -0.00507928 0.00167462 -0.84834107 0.52942310
1676462222.353705338 72.68638015 -18.77141319 -0.23883346 -0.00572331 0.00803296 -0.87500835 0.48400734
1676462222.484810629 72.67361359 -18.79693115 -0.23298889 0.00132817 -0.00191482 -0.88955305 0.45682595
1676462222.620399707 72.65136842 -18.79144246 -0.23188977 0.00279196 -0.00126401 -0.90305257 0.42951911
1676462222.752742304 72.62937009 -18.78517420 -0.23902357 0.00144841 -0.00184923 -0.91586866 0.40147115
1676462223.058930401 72.58060051 -18.76832924 -0.25714643 -0.00277015 0.00059884 -0.94046043 0.33989139
1676462223.201167514 72.55459478 -18.79195122 -0.26760650 -0.00202785 0.00876839 -0.95030030 0.31120467
1676462223.541363903 72.50377802 -18.75792435 -0.25705435 -0.00238627 0.00361467 -0.96150190 0.27476413
1676462223.778243075 72.46623054 -18.75880539 -0.24741523 -0.00106492 0.00209057 -0.96857739 0.24870129
1676462223.912939166 72.44360153 -18.76155876 -0.24286024 -0.00043753 0.00276793 -0.97218384 0.23420232
1676462224.050869146 72.44465483 -18.74727100 -0.23666596 0.00223957 -0.00083422 -0.97630488 0.21638640
1676462224.247141713 72.45021760 -18.73271650 -0.26485697 -0.00386919 0.00277932 -0.98029197 0.19749675
1676462224.588053717 72.41749499 -18.73348118 -0.25512070 -0.00282658 -0.00090560 -0.98687922 0.16143295
1676462224.725228683 72.39720056 -18.71261808 -0.25861097 -0.00303446 -0.00013718 -0.98974686 0.14280027
1676462224.861690129 72.38305222 -18.71202297 -0.26540795 -0.00344381 -0.00010566 -0.99222997 0.12436970
1676462225.333023935 72.35258050 -18.68309253 -0.25526217 -0.00282234 -0.00055490 -0.99568018 0.09280466
1676462225.477629929 72.32639616 -18.66438200 -0.23351203 -0.00196288 0.00030030 -0.99608024 0.08843201
1676462225.743591848 72.29937735 -18.69069724 -0.28302524 -0.00455444 -0.00424592 -0.99610776 0.08792356
1676462225.877029241 72.28656747 -18.69976425 -0.27067997 -0.00382695 -0.00153630 -0.99612573 0.08784373
1676462226.018468298 72.26440036 -18.68468892 -0.25803165 -0.00306883 -0.00005448 -0.99606592 0.08856218
1676462226.281402364 72.22719514 -18.68928471 -0.25771422 -0.00298833 -0.00145762 -0.99605119 0.08871846
1676462226.408076391 72.20733420 -18.68110594 -0.25971860 -0.00305126 -0.00026203 -0.99603224 0.08894044
1676462226.686063482 72.17736491 -18.70444756 -0.25260978 -0.00279606 -0.00068808 -0.99602719 0.08900304
1676462226.818371324 72.13795796 -18.71552113 -0.25345859 -0.00271743 -0.00149208 -0.99639847 0.08473773
1676462226.936719855 72.10555443 -18.71271351 -0.25908081 -0.00307662 -0.00034175 -0.99676249 0.08034273
1676462227.068198277 72.06182784 -18.60547732 -0.26605509 -0.00353906 0.00129878 -0.99697614 0.07761682
1676462227.214221001 72.06293759 -18.71157521 -0.25016925 -0.00275779 -0.00254069 -0.99740232 0.07193437
1676462227.342055328 72.00024962 -18.71468960 -0.25309615 -0.00289651 -0.00256854 -0.99771729 0.06741826
1676462227.463206399 71.93671250 -18.70460184 -0.25959189 -0.00301490 -0.00030154 -0.99795778 0.06380506
1676462227.686015018 71.85217860 -18.72735767 -0.25336516 -0.00296663 -0.00048443 -0.99825622 0.05895320
1676462228.068931833 71.61776885 -18.72985761 -0.22680590 -0.00294107 0.01880205 -0.99880528 0.04500933
1676462228.197871332 71.51613507 -18.72828271 -0.23461781 -0.00249691 0.00725567 -0.99901952 0.04360192
1676462228.324434559 71.41522398 -18.72147687 -0.25413924 -0.00299530 -0.00281389 -0.99925049 0.03849107
1676462228.607192804 71.36567436 -18.75724311 -0.24741481 -0.00275342 -0.00141778 -0.99960892 0.02779229
1676462228.731847366 71.29072073 -18.75195315 -0.24335388 -0.00267742 -0.00319771 -0.99962865 0.02692898
1676462229.422797712 70.90807298 -18.77371221 -0.25128000 -0.00308016 -0.00081507 -0.99963193 0.02694161
1676462230.099723166 70.47519617 -18.80633007 -0.24662958 -0.00291317 -0.00173294 -0.99959705 0.02818228
1676462230.368735123 70.25024315 -18.81984761 -0.24335585 -0.00299361 -0.00127131 -0.99958395 0.02865910
1676462230.515021937 70.11457482 -18.86664931 -0.23738972 -0.00287879 -0.00357616 -0.99956783 0.02903574
1676462230.795008364 69.87680424 -18.83880747 -0.23662596 -0.00277631 -0.00070790 -0.99955906 0.02955475
1676462230.924339875 69.74781717 -18.84391006 -0.23687760 -0.00277851 -0.00201079 -0.99955098 0.02976697
1676462231.064238303 69.61735382 -18.86893203 -0.23465915 -0.00273344 -0.00154317 -0.99955574 0.02963892
1676462231.204019440 69.49411131 -18.86640167 -0.23637900 -0.00275521 -0.00125681 -0.99954960 0.02985686
1676462231.454405608 69.23877729 -18.88587247 -0.23123173 -0.00271091 -0.00242165 -0.99954243 0.03002849
1676462231.978181055 68.67882889 -18.88234892 -0.23604284 -0.00302938 0.00049259 -0.99948352 0.03198875
1676462232.237740946 68.39393401 -18.91871692 -0.22327686 -0.00261266 -0.00719310 -0.99944468 0.03243082
1676462232.365634404 68.23797580 -18.91046863 -0.21930699 -0.00223921 -0.00407220 -0.99940188 0.03426787
1676462232.502066459 68.04466470 -18.93704201 -0.22665649 -0.00278240 -0.00240234 -0.99947933 0.03205537
1676462233.093553168 67.35434885 -18.89174828 -0.24474141 -0.00544163 0.00225471 -0.99938353 0.03461016
1676462233.228314541 67.13252437 -18.99218218 -0.22312275 -0.00293120 -0.00169054 -0.99940002 0.03446964
1676462233.367060479 66.92872650 -19.04425459 -0.22096896 -0.00286961 -0.00064299 -0.99934625 0.03603368
1676462233.505923823 66.73580668 -19.05159744 -0.21937519 -0.00282110 -0.00128603 -0.99933928 0.03621306
1676462233.635052907 66.50806034 -19.07174594 -0.22267774 -0.00324469 -0.00152560 -0.99945255 0.03288986
1676462233.768648688 66.27248144 -19.09399116 -0.24046944 -0.00434368 -0.00077172 -0.99940899 0.03409113
1676462234.045469544 65.95327402 -19.11621797 -0.21187038 -0.00263732 -0.00132165 -0.99933948 0.03622024
1676462234.167132930 65.74597842 -19.11971048 -0.22044118 -0.00313676 0.00132811 -0.99933688 0.03625187
1676462234.569572725 65.17611122 -19.13077100 -0.20778662 -0.00281296 -0.00096164 -0.99931599 0.03686084
1676462234.690881133 64.95284831 -19.16857028 -0.21495576 -0.00316293 -0.00185816 -0.99932723 0.03649163
1676462234.939032420 64.58619784 -19.18607428 -0.22157332 -0.00393911 -0.00238892 -0.99941802 0.03379935
1676462235.074799810 64.33121213 -19.24875266 -0.20566314 -0.00279395 -0.00196856 -0.99934900 0.03591504
1676462235.207202543 64.15162683 -19.24786179 -0.20562851 -0.00282130 -0.00268107 -0.99933520 0.03624921
1676462235.334715069 63.94495124 -19.24921683 -0.20743928 -0.00288825 -0.00421759 -0.99932832 0.03628738
1676462235.467993021 63.73488433 -19.24633940 -0.19960360 -0.00284765 -0.00447242 -0.99932351 0.03639252
1676462235.708625517 63.38483612 -19.28873701 -0.19639376 -0.00269835 -0.00262871 -0.99932252 0.03661011
1676462235.834167543 63.15980422 -19.31302476 -0.19295701 -0.00270190 -0.00337467 -0.99932993 0.03634566
1676462235.963232011 62.86543061 -19.41342014 -0.19419088 -0.00287071 0.00087421 -0.99939470 0.03465879
1676462236.100507060 62.72180253 -19.46872563 -0.19511429 -0.00318452 -0.00286233 -0.99940224 0.03430488
1676462236.251035451 62.56163387 -19.36902657 -0.18844874 -0.00270030 -0.00153147 -0.99934393 0.03608431
1676462236.525111860 62.17337922 -19.38442902 -0.19989978 -0.00350218 -0.00090555 -0.99933380 0.03631638
1676462236.814367862 61.77142926 -19.42983134 -0.18614882 -0.00278658 -0.00318072 -0.99933962 0.03608947
1676462236.956748433 61.53513408 -19.43643674 -0.18287547 -0.00273265 -0.00525640 -0.99934020 0.03583401
1676462237.103337257 61.37306051 -19.44889379 -0.17841485 -0.00255902 -0.00241925 -0.99933434 0.03631094
1676462237.671865408 60.58460131 -19.50692188 -0.17465025 -0.00254834 -0.00188032 -0.99933961 0.03619825
1676462237.819760475 60.35440296 -19.54383756 -0.17035763 -0.00258489 -0.00221949 -0.99936630 0.03543146
1676462237.969276131 60.16365678 -19.54428761 -0.17273241 -0.00263392 -0.00341472 -0.99949922 0.03134816
1676462238.109355519 59.93588043 -19.62791969 -0.17266321 -0.00272078 -0.00442832 -0.99955193 0.02947766
1676462238.255424100 59.73075778 -19.62151709 -0.16713301 -0.00277266 -0.00049632 -0.99956444 0.02937687
1676462238.396189818 59.57713008 -19.57432530 -0.17263103 -0.00306768 -0.00250298 -0.99951766 0.03080198
1676462238.534110988 59.36468762 -19.58113954 -0.16998994 -0.00271227 -0.00250362 -0.99952211 0.03069080
1676462238.964729374 58.79623278 -19.61652724 -0.16822317 -0.00267112 -0.00088294 -0.99951698 0.03094994
1676462239.108946603 58.59024355 -19.63257677 -0.17149035 -0.00280347 -0.00260095 -0.99951177 0.03100967
1676462239.316581647 58.37530757 -19.64291352 -0.18199216 -0.00371841 -0.00090739 -0.99955160 0.02969772
1676462239.588904249 57.97736270 -19.67561440 -0.18438318 -0.00351633 0.00154772 -0.99952430 0.03060089
1676462239.730574519 57.74701451 -19.78678115 -0.17086204 -0.00276747 0.00095454 -0.99958300 0.02872729
1676462239.888145008 57.55026998 -19.70679587 -0.15715254 -0.00250144 -0.00271190 -0.99953737 0.03018993
1676462240.031252833 57.36329835 -19.73765527 -0.16263233 -0.00277863 -0.00018008 -0.99955321 0.02975946
1676462240.172861168 57.16747422 -19.73335166 -0.16012920 -0.00316329 -0.00223546 -0.99953669 0.03018943
1676462240.469568497 56.75692988 -19.75302689 -0.14527240 -0.00252530 -0.00359458 -0.99952865 0.03038377
1676462240.757192011 56.37418133 -19.77653423 -0.15455168 -0.00270624 -0.00414399 -0.99964580 0.02614902
1676462241.040297761 56.00198426 -19.78373233 -0.15098606 -0.00263693 -0.00385690 -0.99965732 0.02575683
1676462241.178437952 55.79080155 -19.79046786 -0.14768605 -0.00213794 -0.00189123 -0.99966234 0.02582759
1676462241.316546764 55.58967950 -19.80378581 -0.15235408 -0.00288818 0.00015451 -0.99967628 0.02527768
1676462241.462088402 55.41354534 -19.79587513 -0.14469150 -0.00263620 -0.00396609 -0.99964741 0.02612238
1676462241.597572799 55.20873919 -19.79797978 -0.14056889 -0.00317445 -0.00426670 -0.99963451 0.02650594
1676462241.836905264 55.01052880 -19.78648385 -0.14233575 -0.00254622 -0.00155606 -0.99964586 0.02644338
1676462242.116222471 54.59009544 -19.82723998 -0.13824251 -0.00260101 -0.00278419 -0.99965652 0.02592921
1676462242.155458622 54.37291085 -19.84501740 -0.14001483 -0.00299760 -0.00388950 -0.99965342 0.02586376
1676462242.303166444 54.17933426 -19.85203294 -0.14091071 -0.00407073 -0.00416187 -0.99966504 0.02521746
1676462242.861930235 53.52737182 -19.88666668 -0.13745087 -0.00296969 -0.00493516 -0.99965599 0.02558753
1676462243.184628496 53.00398224 -19.93645064 -0.12425521 -0.00225438 -0.00225612 -0.99986713 0.01598574
1676462243.323342754 52.72627642 -19.96930294 -0.11728019 -0.00224213 -0.00686193 -0.99986588 0.01470033
1676462243.607298928 52.34910816 -19.96921774 -0.14403186 -0.00360459 -0.00110865 -0.99986012 0.01629464
1676462243.704369210 52.19104374 -19.83728217 -0.15876909 -0.00388565 0.00452171 -0.99982654 0.01764499
1676462243.855889070 51.99773468 -19.92670862 -0.14259203 -0.00364158 -0.00219430 -0.99991986 0.01192432
1676462243.998136496 51.79867583 -19.94753569 -0.12364949 -0.00274664 -0.00093821 -0.99997188 0.00691443
1676462244.279914983 51.40741323 -19.96280979 -0.09348047 0.00235437 -0.00330001 0.99998596 0.00341141
1676462244.574762245 50.99546345 -19.96262931 -0.10362155 0.00187079 -0.00348495 0.99971884 0.02337939
1676462244.728261153 50.78001893 -19.94585310 -0.11833889 0.00247847 0.00340590 0.99944896 0.03292456
1676462244.855925571 50.55293712 -19.92888508 -0.12959053 0.00288966 0.00775588 0.99903645 0.04310073
1676462245.147832447 50.20210514 -19.85184251 -0.11043062 0.00210789 0.00232928 0.99804326 0.06244830
1676462245.494209583 49.76416601 -19.76679349 -0.10276317 0.00214126 0.00147782 0.99651739 0.08334460
1676462245.648223179 49.56289386 -19.76522505 -0.09746516 0.00182910 0.00197592 0.99556271 0.09406186
1676462245.750200416 49.40529530 -19.69876127 -0.10159847 0.00183562 0.00053712 0.99470191 0.10278356
1676462245.885357652 49.21086904 -19.66165959 -0.09472545 0.00170957 0.00090606 0.99408511 0.10858661
1676462246.031491254 49.02666468 -19.59700959 -0.09994912 0.00210811 0.00135794 0.99362257 0.11272930
1676462246.320168114 48.66368088 -19.49945286 -0.09997997 0.00200930 0.00176245 0.99251816 0.12206785
1676462246.469533143 48.43540909 -19.46648254 -0.09980584 0.00215400 0.00002975 0.99183795 0.12748665
1676462246.766226195 48.08878690 -19.33325059 -0.09300226 0.00165062 0.00203813 0.99069424 0.13608105
1676462246.902724120 47.88005658 -19.27961713 -0.10289741 0.00188695 0.00204232 0.99000072 0.14103491
1676462247.055505730 47.66033845 -19.24148575 -0.09670970 0.00191086 0.00258167 0.98919403 0.14657709
1676462247.196747818 47.47888685 -19.17357985 -0.10646285 0.00261981 0.00133253 0.98783050 0.15550646
1676462247.334626913 47.28131555 -19.10309407 -0.10945988 0.00332281 -0.00044297 0.98626298 0.16514872
1676462247.536962496 47.06110421 -19.05445462 -0.10991766 0.00338051 0.00260575 0.98397216 0.17827104
1676462247.630597034 46.91138659 -18.98544476 -0.08891898 0.00256387 0.00374888 0.98231623 0.18717423
1676462247.773448828 46.75659503 -18.84689180 -0.09040144 0.00205346 0.00156464 0.98092745 0.19435708
1676462247.927516822 46.56842578 -18.76840906 -0.08858091 0.00169276 0.00318581 0.97895141 0.20406155
1676462248.374456712 46.04515642 -18.48649309 -0.08431104 0.00171768 0.00236101 0.97245583 0.23306896
1676462248.572640153 45.85352804 -18.39303511 -0.08058353 0.00128732 0.00302142 0.96983395 0.24374439
1676462248.667398383 45.68298696 -18.33067605 -0.08240404 0.00136445 0.00251490 0.96728200 0.25368749
1676462248.804901737 45.51199401 -18.21073633 -0.08923849 0.00195067 0.00632587 0.96479751 0.26291052
1676462249.095108025 45.19207779 -17.98643557 -0.08096616 0.00210097 0.00265746 0.95996803 0.28008911
1676462250.119671528 44.13778405 -17.09726537 -0.06889767 0.00103024 -0.00362143 0.94002518 0.34108428
1676462250.268013944 43.96011374 -16.96174106 -0.09479589 0.00386545 -0.00003446 0.93269328 0.36064984
1676462250.861272529 43.44620869 -16.38225207 -0.09804793 0.00466328 0.00429413 0.89677597 0.44243945
1676462251.597617017 43.04491370 -15.43095514 -0.12992590 0.00946955 -0.00782432 0.82031363 0.57178201
1676462252.047162648 42.96076425 -14.82176450 -0.12686358 0.00907929 -0.00008699 0.77417142 0.63291087
1676462252.642690247 42.81024110 -14.02967303 -0.27080149 0.03150564 -0.00310070 0.74170747 0.66997598
1676462253.094874329 42.86745524 -13.42788608 -0.11846652 0.01073288 -0.00970632 0.71636779 0.69757278
1676462253.237749741 42.87459472 -13.22987026 -0.10732935 0.01057186 -0.00943493 0.70589689 0.70817286
1676462253.602675918 42.93969361 -12.82817640 -0.11932133 0.01019864 -0.01109312 0.68507798 0.72831387
1676462253.741946380 42.90791979 -12.62406255 -0.07674721 0.01139798 -0.00828212 0.67350412 0.73904918
1676462254.168674119 43.02200976 -12.05197036 -0.05804638 0.01225083 -0.00635959 0.65065559 0.75924751
1676462254.324344153 43.09357390 -11.86494816 -0.05460184 0.00706753 -0.01098913 0.64581540 0.76338179
1676462254.471411428 43.09382531 -11.66154993 -0.04749201 0.00956449 -0.00874921 0.64410162 0.76483009
1676462254.911955261 43.12959781 -11.24421810 -0.04994977 0.01138869 -0.00830451 0.64331109 0.76547513
1676462255.063284047 43.18989815 -11.07464860 -0.04795026 0.01063331 -0.00912449 0.64384697 0.76502598
1676462255.261665884 43.21554321 -10.88676404 -0.03862386 0.01046599 -0.00880739 0.64143595 0.76705463
1676462255.408291702 43.27200026 -10.66851450 -0.03362240 0.01021432 -0.00895005 0.63759198 0.77025452
1676462255.546037544 43.31616111 -10.48783232 -0.02339094 0.01405347 -0.00556243 0.63444065 0.77282379
1676462255.705766143 43.38285265 -10.28689991 -0.03511012 0.01129100 -0.00890445 0.63068164 0.77590843
1676462255.839503458 43.40372120 -10.11738573 -0.01752567 0.00719864 -0.01072997 0.62724671 0.77871343
1676462255.987421792 43.46202037 -9.91300143 -0.01950057 0.00811403 -0.01145903 0.62346964 0.78172147
1676462256.132190625 43.52745913 -9.69856188 -0.01572783 0.01220566 -0.00786164 0.61948152 0.78487697
1676462256.434626027 43.64696081 -9.34480839 0.00429448 0.01078544 -0.00859811 0.61287556 0.79005904
1676462257.093030544 43.88259542 -8.56619634 0.01575961 0.01040448 -0.00940436 0.58901850 0.80799784
1676462257.384168830 43.90007148 -8.16637393 0.04651534 0.01083254 -0.00754640 0.57989072 0.81458730
1676462257.685697184 44.11304969 -7.79817577 0.04388276 0.01126152 -0.00813148 0.57634645 0.81708741
1676462257.826136801 44.16620226 -7.58870286 0.05465669 0.01193074 -0.00750695 0.57576260 0.81749540
1676462258.463691362 44.47432162 -6.86620501 0.06156238 0.01154073 -0.00895135 0.58383804 0.81173877
1676462258.611533547 44.52091923 -6.67755997 0.08185033 0.01000036 -0.00878721 0.58784762 0.80886213
1676462258.748458455 44.56554163 -6.47536825 0.08165770 0.01111899 -0.00825452 0.59100116 0.80655183
1676462259.335929952 44.72528469 -5.71293082 0.09881871 0.00750907 -0.01088908 0.60506366 0.79606721
1676462259.484967889 44.48085535 -5.43500836 0.14035013 0.02555471 0.00380573 0.60930282 0.79251659
1676462259.637807612 44.87846671 -5.35303804 0.12403314 0.01305795 -0.00629469 0.61543483 0.78805447
1676462260.060032959 45.03197803 -4.74939156 0.12608867 0.01064164 -0.00924254 0.62495987 0.78052962
1676462260.204748149 45.05968109 -4.54784495 0.13043475 0.01114254 -0.00891918 0.62815367 0.77795839
1676462260.340895443 45.11856656 -4.30169725 0.13730784 0.01143693 -0.00848315 0.63227540 0.77461284
1676462260.528720398 45.14406129 -4.14176037 0.15160664 0.01067167 -0.00806248 0.63577767 0.77175635
1676462260.909723902 45.08953882 -3.56224875 0.16715122 0.01298378 -0.00624723 0.63641074 0.77121577
1676462261.061591736 45.25553475 -3.34683680 0.16511807 0.01056152 -0.00923904 0.63848790 0.76950393
1676462261.390570153 45.34746909 -2.96377410 0.18840626 0.00875288 -0.00947254 0.63302876 0.77402083
1676462261.532738650 45.39061497 -2.76903889 0.20907870 0.01119809 -0.00609623 0.63075820 0.77587469
1676462261.630644259 45.44720790 -2.57986008 0.18938343 0.00945567 -0.00965358 0.62535003 0.78022736
1676462262.051446026 45.59190216 -2.01690401 0.19561066 0.01237682 -0.00745318 0.61525368 0.78819679
1676462262.353554818 45.67570851 -1.61057155 0.21401342 0.01118542 -0.00820690 0.60672030 0.79479432
1676462262.538443670 45.77322315 -1.41355324 0.22291084 0.01082103 -0.00847291 0.60340333 0.79731771
1676462262.909061203 45.89695076 -0.89040732 0.22168744 0.01056076 -0.00955807 0.60366281 0.79711249
1676462263.605461234 46.16331613 0.11817802 0.12798648 0.01180392 -0.01455943 0.60288443 0.79760834
1676462263.740776253 46.19795647 0.31516999 0.23897725 0.01383570 -0.00723419 0.60271215 0.79780593
1676462263.939568765 46.29036113 0.51416266 0.27269329 0.01181067 -0.00808252 0.60087342 0.79921606
1676462263.983093828 46.33866720 0.69587572 0.27702439 0.01165092 -0.00819497 0.59684663 0.80222890
1676462264.296866944 46.46837530 1.05555632 0.28785766 0.01364278 -0.00655733 0.59048130 0.80690936
1676462264.579111992 46.60774516 1.45591749 0.28835546 0.01197447 -0.00839184 0.58457760 0.81120603
1676462264.718160717 46.68381523 1.63478169 0.30691178 0.01035600 -0.00883586 0.58503689 0.81089242
1676462264.869630250 46.75017208 1.82963934 0.30889918 0.01059605 -0.00877886 0.58550626 0.81055109
1676462265.014090400 46.80046638 2.02664593 0.32945349 0.01101375 -0.00758814 0.58450973 0.81127646
1676462265.201271922 46.87908165 2.25041110 0.32849780 0.01311874 -0.00647066 0.58302547 0.81232219
1676462265.452879340 46.94906095 2.59475473 0.33544421 0.01402556 -0.00664425 0.58480513 0.81102534
1676462265.595482229 47.01590265 2.78766430 0.33115899 0.01072066 -0.00897999 0.58429950 0.81141760
1676462265.877423606 47.14298301 3.15373335 0.34571642 0.01116263 -0.00837838 0.58467337 0.81114872
1676462266.019839517 47.26807807 3.34607051 0.34715620 0.01301078 -0.00729799 0.58538611 0.81061740
1676462266.449617599 47.44750886 3.90968005 0.37058564 0.01047777 -0.00889290 0.58572677 0.81039205
1676462266.595262464 47.51228184 4.09531039 0.37369601 0.01078102 -0.00847157 0.58563276 0.81046053
1676462266.730732215 47.58958266 4.29295277 0.37964237 0.01043271 -0.00882866 0.58595619 0.81022747
1676462266.880365895 47.63063495 4.48563523 0.39472247 0.01072223 -0.00791262 0.58518535 0.81079007
1676462267.014644843 47.68089296 4.68318147 0.38877272 0.01425011 -0.00691284 0.58573085 0.81035086
1676462267.160755157 47.68536746 4.87786777 0.40365558 0.01253924 -0.00743986 0.58427065 0.81142789
1676462267.312303014 47.81536216 5.04996011 0.39399052 0.01099104 -0.00850515 0.58476958 0.81108039
1676462267.499789399 47.86753532 5.29461336 0.38907326 0.01500129 -0.00890556 0.58414958 0.81145852
1676462267.601650625 47.92711941 5.44250260 0.40303503 0.01223104 -0.00792391 0.58467153 0.81113921
1676462267.892532966 48.00379958 5.84111965 0.42781615 0.01058035 -0.00874821 0.58315549 0.81224455
1676462268.348794027 48.23015534 6.38563054 0.43712822 0.00942291 -0.00948665 0.58472513 0.81112128
1676462268.492644652 48.31976277 6.57096130 0.44014712 0.00870903 -0.01027141 0.58482083 0.81105070
1676462268.636072709 48.38971199 6.75909441 0.44748929 0.01072126 -0.00867978 0.58488660 0.81099777
1676462268.780327180 48.49931218 6.92830257 0.45995468 0.00818297 -0.01024273 0.58614089 0.81010307
1676462268.928303983 48.50500917 7.13624280 0.44145521 0.01005008 -0.01019912 0.58540630 0.81061362
1676462269.070715618 48.52818299 7.34194040 0.47700126 0.00975381 -0.00857631 0.58418884 0.81151384
1676462269.221920227 48.56962483 7.52448304 0.47293085 0.01013847 -0.00859501 0.58529899 0.81070860
1676462269.371490666 48.67454480 7.72901102 0.46167358 0.00623440 -0.01217955 0.58908323 0.80795652
1676462269.822089769 48.81815171 8.25294325 0.48422407 0.01084252 -0.00901715 0.60078773 0.79928420
1676462270.404336598 48.99160057 8.89120368 0.50194162 0.01009648 -0.00947117 0.60181136 0.79851828
1676462270.841232617 49.16506850 9.26454522 0.51470832 0.00969250 -0.00980697 0.60288770 0.79770690
1676462270.990277489 49.18117574 9.38050886 0.52112125 0.01100489 -0.00855342 0.60301222 0.79761018
1676462271.280683275 49.27948228 9.57785541 0.52360635 0.01795855 -0.00683846 0.60426516 0.79655153
1676462271.573610854 49.29238006 9.76676733 0.52967024 0.01159517 -0.00837409 0.60576997 0.79551126
1676462271.863407389 49.30185854 9.94548957 0.53621522 0.00908242 -0.01009550 0.61622397 0.78745388
1676462272.452970757 49.36700623 10.30088432 0.52668118 0.00893643 -0.01174793 0.64489193 0.76413122
1676462272.748088361 49.37216262 10.48863328 0.54873672 0.00628690 -0.01203065 0.65818382 0.75273488
1676462272.896342083 49.41463154 10.57007869 0.55157029 0.00960374 -0.00989154 0.66610454 0.74573096
1676462273.049766854 49.44777403 10.68664012 0.54683084 0.00816189 -0.01152302 0.67398344 0.73861149
1676462273.202939244 49.39255372 10.74832739 0.54935542 0.00907806 -0.01088677 0.68037859 0.73272372
1676462273.803362849 49.35759350 11.11679336 0.56684309 0.00880248 -0.01064931 0.70109700 0.71293205
1676462273.948856151 49.36581922 11.20273970 0.56883423 0.00841482 -0.01114215 0.70396239 0.71009999
1676462274.095549347 49.37274827 11.29547046 0.56758531 0.00853652 -0.01155213 0.70773107 0.70633590
1676462274.239707131 49.36744654 11.37812745 0.57007305 0.00893309 -0.01121741 0.71158907 0.70244955
1676462274.387805716 49.36424498 11.46987706 0.56814369 0.00945006 -0.01113316 0.71397260 0.70002134
1676462274.538767423 49.35246787 11.55852651 0.57671115 0.00859797 -0.01096668 0.71726842 0.69665761
1676462274.681841206 49.30183220 11.64882908 0.57426658 0.00933716 -0.01011718 0.72078295 0.69302410
1676462274.978418425 49.29707393 11.82951007 0.57049692 0.00839674 -0.01230111 0.72660831 0.68689049
1676462275.580754984 49.23397310 12.15073197 0.58588088 0.00900511 -0.01232802 0.73887471 0.67366987
1676462275.734947122 49.28086745 12.28003633 0.58780855 0.00932929 -0.01126160 0.74344710 0.66863484
1676462276.493274078 49.16973416 12.70950642 0.60654391 0.00843772 -0.01161775 0.75875858 0.65121368
1676462276.656392791 49.23168242 12.80853679 0.60419150 0.00801499 -0.01225131 0.76276070 0.64651511
1676462276.803926511 49.17112571 12.90530715 0.61938358 0.00829682 -0.01022724 0.76646211 0.64215450
1676462276.951306264 49.13856431 13.00501408 0.61694169 0.00752037 -0.01164005 0.76963794 0.63833016
1676462277.100161413 49.11356329 13.10827964 0.62408107 0.00582702 -0.01335805 0.77078042 0.63693418
1676462277.258665979 49.08618659 13.19431911 0.63043440 0.00598712 -0.01305804 0.77073372 0.63699542
1676462277.402895146 49.08276615 13.29442168 0.61758268 0.00830069 -0.01224038 0.77103622 0.63661953
1676462277.548853203 49.08288094 13.39615386 0.62269862 0.00840358 -0.01125974 0.77141877 0.63617268
1676462277.980843339 49.03677592 13.68153018 0.62215752 0.00989909 -0.00986636 0.77429305 0.63267284
1676462278.266258482 49.01819301 13.86767522 0.63703325 0.00791576 -0.01145459 0.77963384 0.62608084
1676462278.562351990 48.90592241 14.07238322 0.65111126 0.00727869 -0.01123286 0.78782264 0.61575672
1676462279.014844807 48.80870477 14.36145442 0.65190970 0.00581716 -0.01337991 0.79612146 0.60496096
1676462279.210426487 48.78413888 14.48429879 0.66549980 0.00793379 -0.01030541 0.80126177 0.59817258
1676462279.460053862 48.72665816 14.66426350 0.65948686 0.00764104 -0.01233782 0.80738428 0.58984746
1676462279.617431503 48.68393251 14.74061982 0.65813408 0.00739008 -0.01249097 0.81052964 0.58551778
1676462280.068732376 48.60381335 15.01875383 0.66954028 0.00651023 -0.01211981 0.82838330 0.55999270
1676462280.221214302 48.53915761 15.10573408 0.68070724 0.00506065 -0.01308817 0.83390616 0.55172783
1676462280.524286279 48.41606857 15.28162440 0.68931512 0.00488010 -0.01253784 0.84439730 0.53554849
1676462280.831671509 48.31841436 15.44786479 0.69293628 0.00513851 -0.01241420 0.85410550 0.51992622
1676462280.976028084 48.24360231 15.53959187 0.69092438 0.00381088 -0.01411872 0.85884842 0.51202103
1676462281.280741167 48.14912780 15.70710564 0.68855628 0.00515214 -0.01386892 0.86890253 0.49476207
1676462281.477269064 48.07050245 15.80090122 0.67994297 0.00630113 -0.01416864 0.87396339 0.48574431
1676462281.718324938 47.96564386 15.94222944 0.69409095 0.00462389 -0.01340827 0.88183635 0.47134222
1676462282.147063634 47.74794084 16.15492182 0.70160805 0.00602794 -0.01063194 0.89385488 0.44818978
1676462282.430286964 47.70401991 16.33373154 0.70419754 0.00392372 -0.01600009 0.90506153 0.42496144
1676462282.554856491 47.57851527 16.41826128 0.71360350 0.00288256 -0.01639893 0.91177342 0.41035594
1676462282.878718627 47.37622972 16.55175649 0.68784584 0.00524409 -0.01594399 0.92260106 0.38539015
1676462283.171317127 47.29887962 16.65775589 0.67625080 -0.00548388 -0.00973521 0.93338886 0.35869261
1676462283.466507732 47.03334686 16.76929181 0.72621520 0.00129055 -0.01389817 0.94374553 0.33037788
1676462283.598896766 47.00615470 16.81703944 0.72714614 0.00132449 -0.01502505 0.94835180 0.31686174
1676462283.746333581 46.92650285 16.87108700 0.72231518 0.00151812 -0.01642202 0.95295281 0.30266973
1676462283.884731020 46.82314239 16.95287639 0.72484654 0.00136773 -0.01408417 0.95813334 0.28597250
1676462284.070484862 46.74653125 16.96625842 0.73103361 0.00018997 -0.01420177 0.96028668 0.27865348
1676462284.204908386 46.61491560 17.01336171 0.73310055 0.00098583 -0.01517629 0.96409049 0.26513813
1676462284.343783534 46.50075556 17.07772857 0.73615421 0.00073131 -0.01291044 0.96544915 0.26027049
1676462284.481879038 46.41548690 17.08796930 0.71824196 0.00083208 -0.01516326 0.96735454 0.25297149
1676462284.661544225 46.28644117 17.11794193 0.71881815 0.00079280 -0.01609489 0.97024027 0.24160741
1676462284.804841810 46.12441008 17.19069883 0.72839121 -0.00071587 -0.01599127 0.97230548 0.23316480
1676462284.945249012 45.99637872 17.21016732 0.72978748 0.00030598 -0.01727311 0.97412790 0.22533614
1676462285.238396716 45.99390452 17.31110297 0.72220924 0.00054936 -0.01377271 0.97689785 0.21326181
1676462285.375283346 45.89831883 17.35614205 0.72945634 -0.00022385 -0.01509373 0.97721834 0.21169894
1676462285.812480145 45.63963109 17.44921966 0.72203899 0.00041354 -0.01684577 0.98038041 0.19639321
1676462285.962793836 45.55519490 17.48501569 0.71882453 0.00053701 -0.01446673 0.98214284 0.18757898
1676462286.096338389 45.34262399 17.68747545 0.74979126 -0.00203403 -0.01915472 0.98499294 0.17151639
1676462286.365889319 45.15011201 17.66825172 0.72658335 -0.00014344 -0.01639957 0.98758072 0.15625412
1676462286.500777772 45.00313621 17.71750760 0.72402029 -0.00113766 -0.01917614 0.98917127 0.14550318
1676462286.790004196 44.90083323 17.72035505 0.72100045 -0.00070164 -0.01639359 0.99147224 0.12928095
1676462287.075033277 44.67766704 17.70510731 0.73090516 -0.00115886 -0.01383366 0.99353617 0.11266394
1676462287.604337459 44.12265197 17.81316641 0.73386750 -0.00324197 -0.02073472 0.99702759 0.07413199
1676462287.701416368 43.95016669 17.82897503 0.71551016 -0.00169887 -0.02008740 0.99773603 0.06415930
1676462287.844398051 43.80612539 17.82624007 0.72233201 -0.00185239 -0.01623473 0.99833090 0.05539335
1676462288.130721215 43.50622711 17.82911782 0.70376733 -0.00140951 -0.02072674 0.99883225 0.04361834
1676462288.261047517 43.33509080 17.83930530 0.70157875 -0.00141122 -0.01784643 0.99897852 0.04149017
1676462288.411498462 43.16012198 17.89341932 0.70060936 -0.00214045 -0.02533268 0.99887306 0.04007836
1676462288.557110101 43.00257721 17.88181782 0.71961448 -0.00238976 -0.01552763 0.99906071 0.04038419
1676462288.741242727 42.79358175 17.96090309 0.70024711 -0.00134185 -0.02102073 0.99908057 0.03734093
1676462288.829139286 42.66680051 17.94906051 0.70682799 -0.00199999 -0.02057615 0.99903500 0.03875177
1676462288.979965381 42.51768124 17.92537388 0.71069023 -0.00200434 -0.01820413 0.99904098 0.03977081
1676462289.126852657 42.36257828 17.93072611 0.71795219 -0.00291498 -0.02048764 0.99897162 0.04034193
1676462289.496065151 42.03828627 17.97069293 0.71426382 -0.00237534 -0.01873389 0.99901246 0.04021820
1676462289.619722093 41.86565369 17.99002003 0.72233132 -0.00253529 -0.02149124 0.99897141 0.03984741
1676462289.940058399 41.54892148 18.00744749 0.69541532 -0.00123372 -0.01789829 0.99907745 0.03901761
1676462290.092693284 41.38099420 18.03688655 0.70496223 -0.00199625 -0.01718897 0.99907630 0.03933328
1676462290.180257181 41.24362622 18.03787699 0.70372638 -0.00208589 -0.01913965 0.99901255 0.04004050
1676462290.323590421 41.10999193 18.03560478 0.70462578 -0.00185162 -0.01659561 0.99903233 0.04068861
1676462290.650557280 40.78249322 18.07985757 0.70174004 -0.00076538 -0.01556163 0.99910819 0.03924370
1676462290.946320670 40.47334778 18.08753926 0.69521960 -0.00168266 -0.02161301 0.99891907 0.04111855
1676462291.331771660 40.12213730 18.07347386 0.70602785 -0.00239815 -0.01920147 0.99893556 0.04187238
1676462291.425016459 39.96656447 18.12299884 0.70882603 -0.00257099 -0.01841554 0.99901044 0.04040293
1676462291.568111891 39.80310595 18.14815802 0.70422202 -0.00203862 -0.01691417 0.99905376 0.04001664
1676462291.710978356 39.64523504 18.17691100 0.70910310 -0.00253540 -0.01879478 0.99904854 0.03927267
1676462292.132780156 39.13338135 18.20415602 0.70465711 -0.00211831 -0.01936311 0.99904473 0.03911800
1676462292.272007884 39.00278316 18.28170401 0.72326219 -0.00225496 -0.02054551 0.99906021 0.03809856
1676462292.433151848 38.83078392 18.24568684 0.69316277 -0.00169089 -0.01814992 0.99908302 0.03874064
1676462292.563493099 38.66429860 18.26710509 0.69107782 -0.00176648 -0.02080683 0.99903473 0.03864661
1676462292.889141502 38.36491985 18.25232528 0.69182373 -0.00167052 -0.01959017 0.99897239 0.04083614
1676462293.171433521 38.05100804 18.30301655 0.70401362 -0.00243879 -0.01663305 0.99906096 0.03993232
1676462293.346645665 37.88104365 18.31896891 0.69507193 -0.00176565 -0.01921745 0.99903480 0.03945941
1676462293.497492006 37.72439727 18.32013441 0.70220556 -0.00250882 -0.01891379 0.99901848 0.03997557
1676462293.594248738 37.57783791 18.32468018 0.69430132 -0.00168099 -0.01978958 0.99897416 0.04069617
1676462293.742737964 37.41381100 18.33549932 0.68794103 -0.00135591 -0.01902710 0.99901121 0.04015873
1676462293.887890899 37.27683410 18.34733213 0.68190262 -0.00114713 -0.01740657 0.99898967 0.04141664
1676462294.175090489 36.97615184 18.36372560 0.66034130 0.00108134 -0.01196502 0.99905234 0.04183409
1676462294.399480537 36.77180111 18.40568453 0.68899850 -0.00174451 -0.01853089 0.99905104 0.03937754
1676462294.489382867 36.62908184 18.41348633 0.69329813 -0.00193653 -0.01779065 0.99905781 0.03953785
1676462294.624867312 36.49359838 18.41687671 0.69965833 -0.00350299 -0.01779481 0.99903385 0.04003046
1676462294.772142170 36.35546795 18.44050096 0.69089222 -0.00199872 -0.01851212 0.99901979 0.04015919
1676462294.917540477 36.18737529 18.45326166 0.69763042 -0.00245499 -0.01907782 0.99903894 0.03938539
1676462295.063704790 36.03825443 18.46482991 0.69304827 -0.00219701 -0.01772518 0.99906310 0.03941970
1676462295.391564686 35.72426472 18.49000052 0.70474291 -0.00309582 -0.02015476 0.99901158 0.03949753
1676462295.480618937 35.57555301 18.50010822 0.69112785 -0.00186158 -0.01910414 0.99904665 0.03920905
1676462295.618251520 35.42027740 18.51420400 0.68903169 -0.00212915 -0.01866293 0.99902746 0.03989103
1676462295.912211149 35.05346889 18.51871078 0.68205486 -0.00168042 -0.01821621 0.99915141 0.03690254
1676462296.048131138 34.91485800 18.53684274 0.69266492 -0.00230326 -0.01777200 0.99913592 0.03750019
1676462296.335401464 34.61830149 18.56235671 0.68271241 -0.00136682 -0.01867654 0.99913015 0.03725946
1676462296.482956009 34.53867508 18.57909512 0.68193058 -0.00146901 -0.01864992 0.99907872 0.03862309
1676462296.631851874 34.33057125 18.60213446 0.67955446 -0.00101047 -0.01882806 0.99929427 0.03248759
1676462296.785202601 34.21080641 18.59555373 0.65409101 0.00088664 -0.01607061 0.99943247 0.02959190
1676462296.925329173 34.04567741 18.59302633 0.66824489 -0.00088951 -0.02044456 0.99948828 0.02458462
1676462297.083044667 33.90097358 18.59724526 0.68175302 -0.00215280 -0.01846784 0.99962251 0.02022718
1676462297.417089218 33.61990340 18.59110689 0.67913110 -0.00159968 -0.01879705 0.99977522 0.00967550
1676462297.515059340 33.47516757 18.59232770 0.67161708 -0.00141467 -0.01774943 0.99981660 0.00705130
1676462297.659206981 33.30534328 18.60795826 0.67756556 -0.00197129 -0.02009282 0.99979577 0.00090334
1676462297.800028424 33.13404443 18.60568356 0.68540848 0.00298086 0.02047771 -0.99977337 0.00499803
1676462298.084298652 32.83736699 18.57950914 0.66370521 0.00095361 0.02101601 -0.99977029 0.00409597
1676462298.231158487 32.73295688 18.59042084 0.67365660 0.00219060 0.01945838 -0.99980318 0.00319077
1676462298.385083402 32.53713394 18.58770790 0.67742637 0.00297924 0.01725063 -0.99979493 0.01018000
1676462298.869318999 32.12560723 18.56788716 0.67349222 0.00331647 0.01908024 -0.99944041 0.02727310
1676462298.971132220 32.01996810 18.55416131 0.67010390 0.00273553 0.01832783 -0.99921787 0.03493215
1676462299.293329194 31.86879578 18.52311499 0.67127272 0.00356339 0.01907765 -0.99841938 0.05274550
1676462299.639746478 31.73767077 18.49691402 0.65723442 0.00328398 0.01485262 -0.99791565 0.06271342
1676462299.787026777 31.40325686 18.44149106 0.63150498 0.00211836 0.01685935 -0.99612412 0.08630188
1676462299.939822931 31.31624796 18.43812280 0.58653932 -0.00028632 0.01742784 -0.99522500 0.09603843
1676462300.075922013 31.23131830 18.39230517 0.62160478 0.00219040 0.01814134 -0.99421787 0.10581549
1676462300.222446916 31.12259209 18.35428915 0.63653782 0.00217947 0.01867296 -0.99311220 0.11564916
1676462300.369727864 31.02856036 18.31130251 0.65333835 0.00426260 0.01815911 -0.99235709 0.12198148
1676462300.991908554 30.71198748 18.22864742 0.64968178 0.00498665 0.01915235 -0.98867921 0.14873381
1676462301.140812030 30.62464375 18.16999182 0.64268074 0.00456960 0.01824061 -0.98730519 0.15771763
1676462301.379297900 30.47819476 18.04988920 0.56215647 -0.00278927 0.02273539 -0.98272851 0.18363004
1676462301.510685758 30.38221609 17.99947831 0.56809844 0.00123748 0.01505350 -0.97996544 0.19859407
1676462302.009746814 30.14689749 17.89794652 0.55376404 0.00320360 0.01678949 -0.96979577 0.24331875
1676462302.205981399 30.07646990 17.97276657 0.63282757 0.00792930 0.01058610 -0.96429886 0.26448584
1676462302.314191755 30.02165601 17.80405389 0.60837187 0.00769136 0.00977773 -0.96332028 0.26806579
1676462302.605466139 29.87040805 17.72192850 0.62595648 0.00792527 0.01432642 -0.95757597 0.28771549
1676462303.293433321 29.58087644 17.48706281 0.57828405 0.00670731 0.01353555 -0.94874319 0.31568682
1676462303.612222401 29.44433773 17.33213780 0.50542714 0.00325933 0.01560268 -0.94295255 0.33254537
1676462303.910217243 29.31087716 17.20488327 0.54764521 0.00576305 0.01516201 -0.93657215 0.35009928
1676462304.216077070 29.16808988 17.09742602 0.51507483 0.00731195 0.00798388 -0.92973587 0.36806793
1676462304.388560133 29.10683632 17.07682346 0.50480408 0.00396083 0.01451907 -0.92599565 0.37723409
1676462304.541575765 29.01272957 16.98275550 0.46282567 0.00254513 0.01608378 -0.92247670 0.38570918
1676462304.682118658 29.01788570 16.90313062 0.49081586 0.00351262 0.01647826 -0.91904503 0.39379229
1676462304.828368672 28.96417058 16.81515438 0.52223077 0.00757319 0.00910859 -0.91598520 0.40103716
1676462305.155591157 28.83836910 16.67605744 0.49757852 0.00572231 0.01353440 -0.91177229 0.41043313
1676462305.288891193 28.78049951 16.59613822 0.49627071 0.00637720 0.01159469 -0.90984425 0.41473888
1676462305.587470880 28.64239162 16.46217442 0.48694498 0.00585621 0.01287531 -0.90559854 0.42390001
1676462305.720279971 28.57120515 16.38347376 0.50552551 0.00740751 0.01193577 -0.90305878 0.42928720
1676462305.902639728 28.53085436 16.32723095 0.48518537 0.00480143 0.01565932 -0.90159026 0.43228084
1676462306.037810721 28.46433727 16.26322995 0.44983060 0.00451984 0.01391953 -0.89954246 0.43658811
1676462306.202357902 28.40716388 16.19623344 0.43866526 0.00503657 0.01218545 -0.89752867 0.44075893
1676462306.345691549 28.38202209 16.09959320 0.44663425 0.00505214 0.01308993 -0.89579840 0.44423907
1676462306.776841112 28.24332341 15.89957542 0.43929455 0.00290342 0.01746445 -0.89508295 0.44554807
1676462307.069310425 28.14203873 15.74305079 0.44520211 0.00523333 0.01238352 -0.89543667 0.44498588
1676462307.349888583 28.03643133 15.58444107 0.43324294 0.00505408 0.01197282 -0.89568072 0.44450777
1676462307.549046871 27.93958444 15.53185097 0.44267892 0.00508275 0.01387361 -0.89528023 0.44525835
1676462307.958499203 27.80979303 15.32081836 0.39857954 0.00425994 0.01219296 -0.89545995 0.44495468
1676462308.261723244 27.68405832 15.17908059 0.42579938 0.00546897 0.01261906 -0.89525817 0.44533545
1676462308.400183693 27.58434038 15.12982726 0.38467865 0.00160256 0.01975004 -0.89496662 0.44569286
1676462309.295056701 27.29870247 14.64919235 0.41338484 0.00523202 0.01220005 -0.89504964 0.44576892
1676462309.471176785 27.21020394 14.58660475 0.42004906 0.00608440 0.01144480 -0.89494734 0.44598348
1676462309.762425515 27.05452263 14.41137281 0.36688125 0.01011457 0.00122850 -0.89492549 0.44609926
1676462309.906394719 27.02732509 14.33045085 0.37223213 0.00477450 0.01150933 -0.89525845 0.44537294
1676462310.195291768 26.80339748 14.22905508 0.36825574 0.00554547 0.00939692 -0.89412997 0.44767459
1676462310.481258540 26.75236987 13.99734656 0.38004673 0.00472499 0.01263976 -0.89512706 0.44560684
1676462310.620797226 26.70266828 13.89061567 0.38499976 0.00489930 0.01341056 -0.89532700 0.44518055
1676462310.907371970 26.53671690 13.73204256 0.34008923 0.00325343 0.01304238 -0.89476399 0.44633700
1676462311.041388883 26.49922543 13.61594285 0.37923458 0.00524700 0.01200325 -0.89502224 0.44582910
1676462311.484745359 26.25752810 13.33507325 0.37686524 0.00848254 0.00514565 -0.89497969 0.44599655
1676462311.624655433 26.20622532 13.22864733 0.35763378 0.00503271 0.01204165 -0.89534334 0.44518532
1676462311.773729507 26.13181709 13.14074237 0.36192291 0.00447771 0.01358562 -0.89518406 0.44546703
1676462311.914408859 26.04116071 13.04768066 0.32396767 0.00488817 0.00966879 -0.89498672 0.44596120
1676462312.053815286 25.94993629 12.95631081 0.31790763 0.00398476 0.01144412 -0.89462044 0.44666253
1676462312.212088898 25.88422794 12.84339220 0.32728645 0.00488591 0.01024624 -0.89503711 0.44584718
1676462312.350593461 25.79634670 12.73748182 0.32467196 0.00484945 0.01003448 -0.89499238 0.44594219
1676462312.638134502 25.66588985 12.54134140 0.35408085 0.00514767 0.00932969 -0.89473426 0.44647180
1676462313.058593494 25.44997455 12.29356541 0.32867447 0.00151740 0.01010906 -0.89475436 0.44644165
1676462313.626778638 25.12962939 12.00248068 0.36912679 0.00737010 0.01479468 -0.89665565 0.44241999
1676462313.765465544 25.01745067 11.65494172 0.22604212 0.00342414 0.00741406 -0.89533462 0.44531924
1676462313.915075181 24.91151572 11.55214329 0.25597222 0.00447162 0.00755186 -0.89502505 0.44592951
1676462314.808398648 24.42035078 10.89101014 0.27270306 0.00264931 0.01295651 -0.89917433 0.43739071
1676462314.953721791 24.30188555 10.77646791 0.29162484 0.00360657 0.01327420 -0.89908604 0.43755580
1676462315.110436678 24.20411717 10.67527288 0.25749419 0.00471431 0.00832275 -0.89896512 0.43791578
1676462315.399488519 24.06206944 10.41454982 0.22750643 0.00628406 0.00312809 -0.89975498 0.43633897
1676462315.687672215 23.83858758 10.22914876 0.21434385 0.00382838 0.00883739 -0.89906635 0.43770647
1676462315.836137696 23.74651731 10.11280615 0.20065927 0.00421051 0.00657766 -0.89894128 0.43799952
1676462315.975338301 23.62530204 10.00701198 0.19180477 0.00303954 0.00827464 -0.89859670 0.43868697
1676462316.420230189 23.40537246 9.58573786 0.20815789 0.00009846 0.00987355 -0.89954900 0.43670826
1676462316.858103496 23.09541104 9.23828373 0.21803337 0.00420975 0.00859491 -0.89911233 0.43761333
1676462316.998011865 22.98447488 9.12138315 0.19839341 0.00473581 0.00552196 -0.89919183 0.43749415
1676462317.151083503 22.83868050 9.03507723 0.16716055 0.00336164 0.00560976 -0.89842773 0.43907271
1676462317.289802953 22.70286413 8.92620026 0.16226629 0.00446850 0.00280117 -0.89804118 0.43987978
1676462317.593252190 22.50950559 8.72056926 0.10108963 0.00229392 0.00416834 -0.89724804 0.44150121
1676462317.876894998 22.31316107 8.42722845 0.11623282 0.00085275 0.00794223 -0.89741695 0.44111111
1676462318.028405093 22.30375101 8.23080921 0.14668963 0.00383938 0.00365693 -0.89915473 0.43759875
1676462318.488499150 22.01008869 7.85655592 0.15173944 0.00366954 0.00518412 -0.89920963 0.43747193
1676462318.625979559 21.92374482 7.72157929 0.14960939 0.00356622 0.00512212 -0.89922635 0.43743917
1676462319.223013048 21.49051539 7.24006414 0.12119114 0.00288515 0.00436249 -0.90276675 0.43009863
1676462319.665743645 21.18816966 6.86218980 0.08389318 0.00221144 0.00274796 -0.90289841 0.42983954
1676462319.823821054 21.14621834 6.70651021 0.10311419 0.00320935 0.00211919 -0.90357127 0.42842055
1676462319.969158336 21.02190950 6.59443991 0.11125936 0.00330891 0.00275517 -0.90344415 0.42868418
1676462320.267160639 20.87081173 6.38375376 0.10246470 0.00282249 0.00139481 -0.90364158 0.42827793
1676462320.731505597 20.61064025 6.08616832 0.06811818 0.00170202 0.00180231 -0.90757992 0.41987205
1676462320.889753262 20.50942558 6.00665661 0.09345448 0.00281559 0.00237498 -0.90939236 0.41592303
1676462321.032839483 20.37997706 5.94248218 0.09215176 0.00230085 0.00312558 -0.91036952 0.41377804
1676462321.484397100 20.20537724 5.71015864 0.09983199 0.00373775 0.00199487 -0.91395679 0.40578939
1676462321.638005184 20.10806544 5.54725832 0.06799558 0.00216335 0.00099236 -0.91562810 0.40201931
1676462321.788524853 19.99477698 5.45873752 0.06314322 0.00201315 0.00152229 -0.91540327 0.40253010
1676462322.240649793 19.79372444 5.18829954 0.09358416 0.00220534 0.00641437 -0.91578306 0.40161596
1676462323.408353599 19.13848672 4.47973562 0.04254824 0.00111288 0.00049363 -0.92125573 0.38895552
1676462323.557213924 19.03305002 4.37102586 0.03005650 0.00034645 0.00129558 -0.92119084 0.38910877
1676462323.847241729 18.81761634 4.19516029 0.07619092 0.00259182 0.00318434 -0.92103364 0.38946140
1676462323.990717791 18.70478748 4.07630858 0.05842703 0.00103911 0.00413859 -0.92019114 0.39144611
1676462324.291798930 18.47718245 3.84378103 0.05220737 0.00107101 -0.00127814 -0.92112379 0.38926622
1676462324.432637624 18.39286768 3.78946285 0.07027466 0.00245901 0.00073265 -0.92225217 0.38658032
1676462324.573909205 18.28397358 3.70028013 0.05587863 0.00122190 0.00264378 -0.92389129 0.38264396
1676462324.873375431 18.07847461 3.47385321 0.04548791 0.00099032 0.00124041 -0.92813017 0.37225243
1676462325.160779149 17.84040799 3.27679014 0.04592355 0.00088148 0.00195671 -0.93140916 0.36396754
1676462325.489720264 17.61207310 3.07787873 0.06284141 0.00273269 0.00160354 -0.93478943 0.35518825
1676462325.635395454 17.47993672 2.97786571 0.08009219 0.00380036 0.00217411 -0.93644580 0.35078497
1676462325.966714996 17.25701292 2.79444826 0.05788750 0.00288591 -0.00039412 -0.93958539 0.34230223
1676462326.121605727 17.16406588 2.69768353 0.05376554 0.00206701 0.00246439 -0.94144491 0.33715150
1676462326.273275720 17.00511692 2.61125056 0.05031727 0.00114119 0.00591101 -0.94330311 0.33187798
1676462326.440976942 16.91746702 2.50654396 0.05079113 0.00166433 0.00305948 -0.94493772 0.32723169
1676462326.602845724 16.80457895 2.40858277 0.05570951 0.00220002 0.00237574 -0.94654602 0.32255256
1676462326.750422382 16.67631432 2.33229608 0.03662555 0.00059440 0.00173681 -0.94790917 0.31853546
1676462326.915970724 16.53973401 2.24718863 0.03899540 0.00074163 0.00227637 -0.94939648 0.31407100
1676462327.221307692 16.27202200 2.05863438 0.03902786 0.00089111 0.00126100 -0.95225163 0.30531042
1676462327.686426727 15.90882259 1.88897152 0.00823996 0.00086570 -0.00457563 -0.95621438 0.29263011
1676462327.831238561 15.75139136 1.79207817 0.00738832 0.00049068 0.00035314 -0.95691044 0.29038258
1676462328.009011611 15.64809112 1.65940329 0.01477160 0.00075597 0.00053704 -0.95946132 0.28183881
1676462328.207412677 15.52220082 1.55760852 0.05114881 0.00213539 0.00026872 -0.96095298 0.27670334
1676462328.310966645 15.43116046 1.50210810 0.05362175 0.00228076 0.00114228 -0.96208046 0.27275389
1676462328.615846922 15.19071944 1.37236087 0.03610161 0.00083221 0.00443991 -0.96478376 0.26300549
1676462328.917069785 14.94439265 1.24964831 0.03760494 0.00079756 0.00202895 -0.96711240 0.25434004
1676462329.071581132 14.81362106 1.17908771 0.03649500 0.00054753 0.00214948 -0.96830302 0.24976857
1676462329.369298341 14.57776203 1.06774767 0.04152321 0.00096070 0.00268003 -0.97047136 0.24119958
1676462329.531019449 14.43877819 1.02088680 0.04959084 0.00259587 -0.00072142 -0.97148817 0.23707271
1676462329.678271447 14.30700832 0.97105271 0.05425223 0.00258859 0.00066290 -0.97259199 0.23250310
1676462329.989113534 14.07275814 0.81965075 0.05156477 0.00180925 0.00317827 -0.97504577 0.22197380
1676462330.160255945 13.93698987 0.75597465 0.03221120 0.00070109 0.00287403 -0.97611210 0.21724738
1676462330.638143211 13.55194145 0.60496408 0.03236159 0.00060924 0.00219835 -0.97914188 0.20316489
1676462330.957098238 13.30534781 0.50491235 0.02376750 0.00007461 0.00097362 -0.98114770 0.19325692
1676462331.121273551 13.16355050 0.42486945 0.04080345 0.00097324 0.00195478 -0.98217243 0.18796955
1676462331.423658144 12.90451812 0.32166574 0.03827656 0.00106452 0.00193291 -0.98404238 0.17792056
1676462331.722360978 12.63091178 0.22818454 0.02739660 0.00124552 -0.00071728 -0.98588819 0.16739896
1676462332.032651591 12.37149971 0.14100243 0.03839635 0.00145651 0.00044205 -0.98736201 0.15847382
1676462332.189317200 12.21303795 0.19664345 0.04507570 0.00165377 -0.00043286 -0.98768818 0.15642613
1676462332.350085870 12.04702888 0.16322063 0.03841776 0.00110832 -0.00013316 -0.98886582 0.14880569
1676462332.900075141 11.56324503 -0.06660682 0.02916616 0.00054980 0.00278331 -0.99464163 0.10334399
1676462333.197925876 11.27545798 -0.08907795 0.03546880 0.00072381 0.00178639 -0.99671173 0.08100620
1676462333.525564700 11.02289499 -0.20195856 0.03440193 0.00050139 0.00234662 -0.99752193 0.07031526
1676462334.404506457 10.20152152 -0.37641865 0.02572741 0.00001771 0.00180603 -0.99937639 0.03526425
1676462334.704877499 9.89903470 -0.25030734 0.03822728 0.00125420 -0.00246916 -0.99947166 0.03238426
1676462334.998401426 9.61591222 -0.27405552 0.03420714 0.00076344 0.00155269 -0.99976329 0.02168822
1676462335.146957699 9.47095416 -0.27869181 0.03387231 0.00067763 0.00195243 -0.99985885 0.01667349
1676462335.771180758 8.92177542 -0.30472130 0.02829523 0.00058520 -0.00041086 -0.99991288 0.01318020
1676462336.069758311 8.66128699 -0.49072152 0.03489630 0.00072426 0.00168440 -0.99996710 0.00790126
1676462336.207323116 8.48924651 -0.51387447 0.03327029 0.00071911 0.00103651 -0.99999608 0.00249833
1676462336.357233085 8.35053167 -0.49789966 0.03099707 0.00075874 0.00179842 -0.99999102 0.00376259
1676462336.507162134 8.22429859 -0.42165335 0.02659305 0.00051088 0.00291735 -0.99994091 0.01045949
1676462336.659865506 8.07116961 -0.44849504 0.02941953 0.00060517 0.00207241 -0.99996954 0.00750039
1676462336.805986642 7.93350761 -0.44875479 0.02989366 0.00056982 0.00164714 -0.99997187 0.00729544
1676462336.950690937 7.78568234 -0.45990359 0.03334368 0.00078002 0.00067486 -0.99998144 0.00600534
1676462337.243733829 7.53538597 -0.42748909 0.03503753 0.00084424 0.00167260 -0.99995471 0.00933126
1676462337.398988008 7.40130780 -0.43927865 0.03189138 0.00062185 0.00123444 -0.99995057 0.00984610
1676462337.548204812 7.26697076 -0.44417655 0.03396625 0.00075546 0.00168566 -0.99994842 0.00998710
1676462337.694381601 7.11462933 -0.46810005 0.03114270 0.00069405 0.00160691 -0.99996110 0.00864455
1676462338.016776084 6.84638661 -0.48704363 0.03190287 0.00066822 0.00206463 -0.99996465 0.00812287
1676462338.163815024 6.69282090 -0.47982622 0.03278937 0.00073065 0.00165043 -0.99996270 0.00844658
1676462338.452062797 6.41626138 -0.46677835 0.02829683 0.00061696 0.00236468 -0.99996448 0.00806647
1676462338.771447477 6.12510636 -0.45116867 0.02907780 0.00064457 0.00307334 -0.99994468 0.01003892
1676462339.052553405 5.84419706 -0.44045654 0.03263494 0.00079496 0.00166684 -0.99994896 0.00993342
1676462339.201763990 5.70350268 -0.43495372 0.03056612 0.00070375 0.00172782 -0.99994879 0.00994692
1676462339.356871068 5.56294899 -0.43564990 0.03044647 0.00069734 0.00169431 -0.99994913 0.00991853
1676462339.499539976 5.42026807 -0.44977550 0.02884751 0.00059574 0.00076698 -0.99995423 0.00951864
1676462339.792131122 5.16670651 -0.45293592 0.03037647 0.00065973 0.00200164 -0.99995055 0.00971922
1676462339.948813974 5.01781983 -0.48315782 0.02698225 0.00057413 0.00158448 -0.99995822 0.00898463
1676462340.095016792 4.88544029 -0.49496558 0.03426867 0.00086492 0.00258435 -0.99996801 0.00752002
1676462340.245141677 4.75556004 -0.50900271 0.02834446 0.00065510 0.00182747 -0.99997620 0.00662117
1676462340.398091430 4.64074429 -0.51732164 0.02977417 0.00071639 0.00201055 -0.99999044 0.00381503
1676462340.706838224 4.49440074 -0.57764992 0.03376190 -0.00077890 -0.00078526 0.99999678 0.00228579
